Code	St	Btl	Year	Lat	Lon	Bottom_Depth	Pres	CTDDEPTH	Tinsitu	Tpot	Sal	O2	SiO4	NO3	PO4	DIC	Alk
2010121	1	21	2010	38.327317	-9.6611	2819	112.175	111.55	15.4875	15.47002	36.1575	190.425	2.45	6.850538	0.475648	2136.1	2368.9
2010120	1	20	2010	38.327317	-9.6611	2819	136.975	136.25	15.195	15.173914	36.1475	189.925	2.4725	7.493038	0.508148	2146.4	2369.8
2010119	1	19	2010	38.327317	-9.6611	2819	186.425	185.425	14.3025	14.274932	36.01	188.025	3.21	9.748038	0.638148	2146.6	2358.9
2010118	1	18	2010	38.3273	-9.6611	2819	192.1	191	14.13	14.101821	35.99	187.9	3.43	10.000538	0.658148	-999	-999
2010117	1	17	2010	38.3273	-9.6611	2819	236.066667	234.7	13.636667	13.602821	35.903333	187.766667	3.69	10.947204	0.721481	-999	-999
2010116	1	16	2010	38.3273	-9.6611	2819	286.4	284.8	13.34	13.299472	35.86	186.4	3.91	11.810538	0.738148	2153.1	2350.5
2010115	1	15	2010	38.327317	-9.6611	2819	419.275	416.65	12.26	12.203598	35.7625	175.05	5.6175	14.808038	0.938148	2165.8	2346.7
2010114	1	14	2010	38.327317	-9.6611	2819	662.025	657.375	12.83	12.737037	36.285	171.3	6.1025	13.410538	0.840648	2190	2387.5
2010113	1	13	2010	38.3273	-9.6611	2819	804.2	796.3	12.81	12.696542	36.35	170.8	6.35	12.910538	0.838148	-999	-999
2010112	1	12	2010	38.3273	-9.6611	2819	949	940.4	12.66	12.526224	36.49	168.6	6.64	13.740538	0.858148	-999	-999
2010111	1	11	2010	38.327317	-9.6611	2819	962.033333	954.5	12.525	12.390306	36.413333	166.7	7.21	14.242204	0.892148	2206.066667	2400.533333
2010110	1	10	2010	38.3273	-9.6611	2819	1048.3	1037.6	12.52	12.372718	36.48	165.7	7.23	13.810538	0.878148	-999	-999
2010109	1	9	2010	38.327317	-9.6611	2819	1198.425	1187.475	12.26	12.092849	36.4725	163.5	7.96	14.875538	0.923148	2218	2409.8
2010108	1	8	2010	38.3273	-9.6611	2819	1348.8	1334.2	11.31	11.12977	36.35	161.3	9.76	16.190538	1.048148	-999	-999
2010107	1	7	2010	38.3273	-9.6611	2819	1498.6	1483.833333	10.8	10.603898	36.293333	165.633333	10.443333	16.763871	1.078148	2213.4	2399.1
2010106	1	6	2010	38.3273	-9.6611	2819	1647.9	1628.9	8.23	8.043497	35.79	184	13.57	18.390538	1.218148	-999	-999
2010105	1	5	2010	38.3273	-9.6611	2819	1798.7	1779.7	6.08	5.903275	35.416667	204.966667	16.726667	19.740538	1.321481	2189	2344.2
2010104	1	4	2010	38.3273	-9.6611	2819	2099.466667	2075.466667	4.456667	4.271667	35.16	218.666667	21.35	20.710538	1.401481	-999	-999
2010103	1	3	2010	38.3273	-9.6611	2819	2400.5	2371.333333	3.656667	3.454475	35.046667	222.333333	26.843333	21.510538	1.471481	-999	-999
2010102	1	2	2010	38.3273	-9.6611	2819	2702.3	2667.5	2.956667	2.737309	34.966667	223.7	33.806667	22.407204	1.543148	-999	-999
2010101	1	1	2010	38.3273	-9.6611	2819	2845.966667	2808.3	2.823333	2.592179	34.95	223.8	36.053333	22.690538	1.568148	-999	-999
2010210	2	10	2010	36.7622	-12.8313	4492	142.1	141.4	14.94	14.918385	36.06	197	2.45	7.540538	0.488148	-999	-999
2010209	2	9	2010	36.7622	-12.8313	4492	202	201	14.17	14.140304	35.99	196.8	2.84	8.990538	0.578148	-999	-999
2010208	2	8	2010	36.7622	-12.8313	4492	251.6	250.3	13.49	13.454178	35.86	191.6	3.82	11.130538	0.708148	-999	-999
2010207	2	7	2010	36.7622	-12.8313	4492	351.1	349.2	12.82	12.771505	35.79	197.5	3.82	11.490538	0.738148	-999	-999
2010206	2	6	2010	36.7622	-12.8313	4492	500.5	497.5	11.64	11.574727	35.63	176.4	6.35	16.070538	1.018148	-999	-999
2010205	2	5	2010	36.7622	-12.8313	4492	660	655.8	11.13	11.045642	35.72	158.5	8.69	18.410538	1.168148	-999	-999
2010204	2	4	2010	36.7622	-12.8313	4492	819.6	814	11.91	11.799609	36.14	162.2	8.11	15.990538	1.048148	-999	-999
2010203	2	3	2010	36.7622	-12.8313	4492	899.1	892.7	10.89	10.775081	35.99	157.1	10.06	18.230538	1.168148	-999	-999
2010202	2	2	2010	36.7622	-12.8313	4492	1049	1041.1	10.62	10.486919	36.07	159.4	10.64	18.200538	1.158148	-999	-999
2010201	2	1	2010	36.7622	-12.8313	4492	1198.8	1189.3	10.38	10.228825	36.13	164.3	10.84	17.850538	1.128148	-999	-999
2010322	3	22	2010	35.2012	-15.9984	2792	101.75	101.1	16.435	16.418484	36.255	192.6	1.86	6.090538	0.358148	2124.4	2371.1
2010321	3	21	2010	35.2012	-15.9984	2792	135.5	134.6	15.945	15.923443	36.2	190.6	2.01	7.265538	0.448148	2143.8	2367.7
2010320	3	20	2010	35.2012	-15.9984	2792	190.9	189.55	14.83	14.801069	36.035	189.95	2.305	9.110538	0.573148	2145.5	2355.1
2010319	3	19	2010	35.2012	-15.9984	2792	300.1	297.9	13.35	13.307508	35.82	188.5	4.21	11.940538	0.738148	2154.5	2340.5
2010318	3	18	2010	35.2012	-15.9984	2792	400.4	397.4	12.58	12.525303	35.72	185.6	4.55	13.575538	0.838148	2157	2347.4
2010317	3	17	2010	35.2012	-15.9984	2792	489.35	485.6	11.915	11.85026	35.635	172.4	5.86	15.980538	0.988148	2157.4	2333.8
2010316	3	16	2010	35.2012	-15.9984	2792	609.35	604.45	11.045	10.967766	35.585	161.2	8.595	18.415538	1.163148	2175.2	2339.5
2010315	3	15	2010	35.2012	-15.9984	2792	773.6	767	10.585	10.488599	35.73	156.1	9.62	19.185538	1.218148	2192.6	2346.3
2010314	3	14	2010	35.2012	-15.9984	2792	873.1	865.4	10.4	10.291754	35.81	156.2	10.35	19.160538	1.208148	2194.7	2358.6
2010313	3	13	2010	35.2012	-15.9984	2792	899.6	891.7	10.29	10.179006	35.83	157.4	14.54	19.260538	1.238148	-999	-999
2010312	3	12	2010	35.2012	-15.9984	2792	994.9	986.4	10.25	10.126867	35.92	158.2	11.13	18.840538	1.228148	2201.6	2367
2010311	3	11	2010	35.2012	-15.9984	2792	1049.6	1040.7	10.11	9.980776	35.94	160.1	11.32	18.870538	1.208148	2201.7	2368.4
2010310	3	10	2010	35.2012	-15.9984	2792	1199.5	1188.9	9.2	9.059147	35.84	167.9	12.4	19.370538	1.258148	2200.1	2364.4
2010309	3	9	2010	35.2012	-15.9984	2792	1350	1337.6	8.44	8.287711	35.75	179.1	12.79	19.290538	1.248148	2191.4	2357.5
2010308	3	8	2010	35.2012	-15.9984	2792	1500.3	1486.1	7.14	6.983738	35.55	194.1	13.67	19.470538	1.268148	2188.9	2345
2010307	3	7	2010	35.2012	-15.9984	2792	1700.7	1683.8	5.63	5.469846	35.31	211.9	15.23	19.790538	1.308148	2185.9	2330.5
2010306	3	6	2010	35.2012	-15.9984	2792	1900.8	1881	4.72	4.551422	35.18	221.8	17.38	20.080538	1.348148	2181.6	2320.4
2010305	3	5	2010	35.2012	-15.9984	2792	2102.1	2079.3	4.15	3.969643	35.1	223.8	21.58	20.690538	1.388148	2176.2	2323.8
2010304	3	4	2010	35.2012	-15.9984	2792	2302.3	2276.2	3.67	3.477498	35.04	225.6	24.9	21.160538	1.438148	2174.8	2325.4
2010303	3	3	2010	35.2012	-15.9984	2792	2503.7	2474.2	3.3	3.093964	35	226.1	28.51	21.660538	1.478148	2193.4	2310.1
2010302	3	2	2010	35.2012	-15.9984	2792	2604.2	2572.9	3.16	2.946503	34.99	225.6	30.56	21.950538	1.528148	2183.4	2323.7
2010301	3	1	2010	35.2012	-15.9984	2792	2820.8	2785.4	2.93	2.699179	34.96	225.2	33.87	22.380538	1.538148	2191.3	2335.1
2010409	4	9	2010	33.1008	-19.0009	3827	122.4	121.7	17.93	17.908857	36.55	189.3	1.47	4.630538	0.298148	-999	-999
2010408	4	8	2010	33.1008	-19.0009	3827	187	185.8	16.96	16.928893	36.38	185.2	2.06	6.800538	0.398148	-999	-999
2010407	4	7	2010	33.1008	-19.0009	3827	236.5	235	16.3	16.261689	36.26	184.5	2.45	7.800538	0.468148	-999	-999
2010406	4	6	2010	33.1008	-19.0009	3827	301.5	299.4	15.15	15.103484	36.07	184.3	3.13	9.600538	0.588148	-999	-999
2010405	4	5	2010	33.1008	-19.0009	3827	400.6	397.7	13.9	13.841506	35.92	183.2	4.3	11.430538	0.768148	-999	-999
2010404	4	4	2010	33.1008	-19.0009	3827	520.5	516.6	12.76	12.68791	35.74	179.4	5.08	13.940538	0.848148	-999	-999
2010403	4	3	2010	33.1008	-19.0009	3827	749.8	743.6	10.61	10.516722	35.55	154.1	9.77	19.890538	1.258148	-999	-999
2010402	4	2	2010	33.1008	-19.0009	3827	899.1	891.2	9.67	9.56334	35.58	150.7	12.4	21.460538	1.368148	-999	-999
2010401	4	1	2010	33.1008	-19.0009	3827	1198.1	1186.5	8.9	8.762094	35.71	165.8	13.08	20.230538	1.298148	-999	-999
2010523	5	23	2010	31.0029	-22.002	5013	111.95	111.5	18.515	18.495226	36.62	198.65	1.18	2.150538	0.173148	2130.2	2392.4
2010522	5	22	2010	31.0029	-22.002	5013	136.75	136.1	18.015	17.991294	36.55	189.5	1.475	4.160538	0.248148	2122.2	2392.2
2010521	5	21	2010	31.0029	-22.002	5013	151.3	150.7	17.82	17.793962	36.53	189.5	1.57	4.970538	0.308148	-999	-999
2010520	5	20	2010	31.0029	-22.002	5013	186.4	185.5	17.51	17.478287	36.49	186.05	1.865	5.780538	0.373148	2123.9	2386.1
2010519	5	19	2010	31.0029	-22.002	5013	251.15	249.9	16.47	16.429003	36.295	183.65	2.5	7.720538	0.458148	2129.8	2373.4
2010518	5	18	2010	31.0029	-22.002	5013	350.4	348.5	15.26	15.205575	36.13	180.5	3.33	9.510538	0.588148	2143.1	2365.1
2010517	5	17	2010	31.0029	-22.002	5013	549.7	546.45	12.36	12.285361	35.675	169.7	6.255	15.735538	0.968148	2154.9	2339.8
2010516	5	16	2010	31.0029	-22.002	5013	848.75	843	9.605	9.505096	35.465	141	12.885	22.940538	1.463148	2185.5	2332.1
2010515	5	15	2010	31.0029	-22.002	5013	947.8	941	9.34	9.229589	35.53	149.7	12.6	21.970538	1.418148	-999	-999
2010514	5	14	2010	31.0029	-22.002	5013	998.5	991.3	8.85	8.736895	35.52	149.4	14.16	22.630538	1.448148	2193	2345.6
2010513	5	13	2010	31.0029	-22.002	5013	1198.3	1188.9	8.2	8.068319	35.56	163.3	14.64	21.640538	1.398148	2191.7	2349.1
2010512	5	12	2010	31.0029	-22.002	5013	1499.7	1482.6	6.72	6.5686	35.44	190.1	15.43	20.800538	1.368148	2188.2	2343.3
2010511	5	11	2010	31.0029	-22.002	5013	1800.6	1778.9	5.15	4.985777	35.22	215.9	15.62	20.290538	1.348148	2180.1	2328.7
2010510	5	10	2010	31.0029	-22.002	5013	2101.6	2074.9	4.17	3.989419	35.09	224	19.82	20.770538	1.398148	2177.5	2327.3
2010509	5	9	2010	31.0029	-22.002	5013	2402.7	2370.5	3.53	3.329909	35.02	227.4	24.41	21.240538	1.448148	2181.7	2325.6
2010508	5	8	2010	31.0029	-22.002	5013	2704	2665.9	3.09	2.867836	34.97	227.6	29.29	21.830538	1.488148	2184.6	2335.5
2010507	5	7	2010	31.0029	-22.002	5013	3006.4	2961.9	2.81	2.562619	34.95	225.5	34.36	22.510538	1.538148	2188.9	2340.1
2010506	5	6	2010	31.0029	-22.002	5013	3308.7	3257.4	2.65	2.374461	34.93	223	39.15	23.140538	1.578148	2193.8	2341.3
2010505	5	5	2010	31.0029	-22.002	5013	3611.5	3553	2.53	2.224583	34.92	224.7	41.59	23.410538	1.598148	2198.2	2342.6
2010504	5	4	2010	31.0029	-22.002	5013	3914.9	3848.6	2.46	2.122527	34.91	223.9	43.64	23.640538	1.618148	2197.3	2344.1
2010503	5	3	2010	31.0029	-22.002	5013	4319.7	4242.4	2.41	2.027019	34.9	224.7	45.68	23.830538	1.628148	2199.8	2347.9
2010502	5	2	2010	31.0029	-22.002	5013	4776.5	4685.9	2.42	1.981359	34.89	224.4	47.15	23.880538	1.638148	2203.7	2353.5
2010501	5	1	2010	31.0029	-22.002	5013	5131.5	5029.9	2.45	1.965519	34.89	224.8	47.34	23.880538	1.648148	2201.6	2349
2010609	6	9	2010	27.5154	-22.0053	4837	110.9	110.3	19.29	19.26983	36.77	200.9	0.89	2.150538	0.168148	-999	-999
2010608	6	8	2010	27.5154	-22.0053	4837	136.3	135.5	18.43	18.405986	36.64	191.8	1.18	2.680538	0.208148	-999	-999
2010607	6	7	2010	27.5154	-22.0053	4837	186.3	185.2	17.68	17.648084	36.54	182.3	1.57	5.730538	0.368148	-999	-999
2010606	6	6	2010	27.5154	-22.0053	4837	300.6	298.7	15.37	15.323154	36.13	178.8	3.04	9.710538	0.608148	-999	-999
2010605	6	5	2010	27.5154	-22.0053	4837	400.2	397.5	13.82	13.761801	35.89	176.5	4.11	12.450538	0.788148	-999	-999
2010604	6	4	2010	27.5154	-22.0053	4837	599.2	594.7	11.5	11.422159	35.59	142.4	8.3	19.930538	1.258148	-999	-999
2010603	6	3	2010	27.5154	-22.0053	4837	777.9	771.6	9.79	9.697769	35.43	129.9	12.5	23.900538	1.538148	-999	-999
2010602	6	2	2010	27.5154	-22.0053	4837	996.7	988	8.3	8.191276	35.37	137.6	15.91	25.180538	1.658148	-999	-999
2010601	6	1	2010	27.5154	-22.0053	4837	1196.5	1185.3	7.79	7.66222	35.47	156.4	16.01	23.190538	1.538148	-999	-999
2010722	7	22	2010	24.0022	-21.9974	4597	112.8	112.4	19.26	19.239534	36.54	120.2	3.23	12.750538	0.848148	-999	-999
2010721	7	21	2010	24.0022	-21.9974	4597	152.35	151.65	17.315	17.289339	36.26	85.8	5.23	18.265538	1.153148	2198.09	2353.58
2010720	7	20	2010	24.0022	-21.9974	4597	201.9	200.95	16.445	16.412143	36.19	94.4	5.52	17.765538	1.113148	-999	-999
2010719	7	19	2010	24.0022	-21.9974	4597	351.05	349.2	14.225	14.173042	35.92	115.2	6.155	18.245538	1.118148	2191.73	2347.4
2010718	7	18	2010	24.0022	-21.9974	4597	399.3	397.15	13.645	13.587438	35.845	125.6	6.305	18.130538	1.118148	2203.7	2351.13
2010717	7	17	2010	24.0022	-21.9974	4597	451.5	448.95	12.465	12.403621	35.63	85.05	9.475	24.750538	1.513148	-999	2332.17
2010716	7	16	2010	24.0022	-21.9974	4597	500.25	497.3	12.065	11.998276	35.615	108.9	8.985	22.700538	1.403148	2197.78	2330.18
2010715	7	15	2010	24.0022	-21.9974	4597	749.1	744.1	8.725	8.642322	35.19	84.55	17.82	31.325538	2.008148	2213.53	2314.36
2010714	7	14	2010	24.0022	-21.9974	4597	999.3	991.9	7.4	7.297804	35.18	120.9	19.82	28.660538	1.908148	2204.64	2318.35
2010713	7	13	2010	24.0022	-21.9974	4597	1199.4	1189.7	6.95	6.829566	35.27	145.6	19.43	25.890538	1.728148	2196.02	2324.51
2010712	7	12	2010	24.0022	-21.9974	4597	1500	1483.1	5.45	5.313083	35.18	177.8	21.38	24.270538	1.648148	2191.66	2311.49
2010711	7	11	2010	24.0022	-21.9974	4597	1750.3	1729.7	4.67	4.517425	35.12	191.4	24.8	23.670538	1.608148	2187.98	2327.13
2010710	7	10	2010	24.0022	-21.9974	4597	2000.3	1975.6	3.98	3.812489	35.05	202.3	27.43	23.460538	1.598148	2185.97	2327.17
2010709	7	9	2010	24.0022	-21.9974	4597	2251.4	2222.3	3.58	3.394172	35.01	208.9	29.58	23.280538	1.588148	2185.88	2325.93
2010708	7	8	2010	24.0022	-21.9974	4597	2502.9	2469.2	3.26	3.054815	34.99	213.4	32.12	23.160538	1.588148	2187.41	2321.21
2010707	7	7	2010	24.0022	-21.9974	4597	2754.1	2715.3	2.98	2.754967	34.96	214.9	35.34	23.390538	1.598148	2191.84	2328.99
2010706	7	6	2010	24.0022	-21.9974	4597	3006.1	2962	2.8	2.552914	34.94	218	37.88	23.390538	1.608148	2193.87	2331.6
2010705	7	5	2010	24.0022	-21.9974	4597	3257.3	3207.6	2.62	2.350639	34.93	220	41	23.630538	1.618148	2195.5	2327.49
2010704	7	4	2010	24.0022	-21.9974	4597	3509.6	3454	2.51	2.216296	34.91	219.9	43.34	23.870538	1.638148	2200.33	2349.46
2010703	7	3	2010	24.0022	-21.9974	4597	3843.3	3779.4	2.41	2.082038	34.9	222.9	45.98	23.940538	1.638148	2196.43	2331.72
2010702	7	2	2010	24.0022	-21.9974	4597	4177.1	4104.3	2.36	1.995296	34.89	224.1	47.15	24.000538	1.648148	2197.44	2335.02
2010701	7	1	2010	24.0022	-21.9974	4597	4673.1	4586.2	2.4	1.974762	34.89	224.2	48.22	23.980538	1.648148	2199.43	2348.25
2010809	8	9	2010	21.0015	-22.0035	4341	113.1	112.5	20.51	20.48852	36.89	161.6	1.67	5.120538	0.408148	-999	-999
2010808	8	8	2010	21.0015	-22.0035	4341	138.2	137.5	18.36	18.33573	36.53	119.9	3.52	12.810538	0.818148	-999	-999
2010807	8	7	2010	21.0015	-22.0035	4341	186.7	185.6	17.28	17.248536	36.42	123.3	3.81	13.280538	0.878148	-999	-999
2010806	8	6	2010	21.0015	-22.0035	4341	236.1	234.7	16.17	16.131966	36.24	124.3	4.5	14.470538	0.898148	-999	-999
2010805	8	5	2010	21.0015	-22.0035	4341	286.5	284.7	15.14	15.095845	36.05	114.1	5.57	17.070538	1.068148	-999	-999
2010804	8	4	2010	21.0015	-22.0035	4341	419.8	417	12.94	12.881558	35.72	102.4	7.91	21.870538	1.348148	-999	-999
2010803	8	3	2010	21.0015	-22.0035	4341	663.3	658.2	8.99	8.915863	35.19	72.5	17.57	32.250538	2.058148	-999	-999
2010802	8	2	2010	21.0015	-22.0035	4341	963.8	955.5	6.59	6.497651	35.02	115.4	22.16	30.880538	2.068148	-999	-999
2010801	8	1	2010	21.0015	-22.0035	4341	1197.3	1186.2	6.01	5.898369	35.11	149.9	20.99	27.110538	1.848148	-999	-999
2010935	9	35	2010	17.3525	-18.2538	3053	109.8	109.35	14.845	14.82844	35.67	40.45	7.96	26.965538	1.688148	2220.75	2322.32
2010934	9	34	2010	17.3525	-18.2538	3053	137.75	137.15	14.255	14.234781	35.595	44.6	8.405	26.450538	1.703148	-999	-999
2010933	9	33	2010	17.3525	-18.2538	3053	151	150.3	13.71	13.68841	35.53	43.4	8.99	28.070538	1.758148	2221.22	2275.2
2010932	9	32	2010	17.3525	-18.2538	3053	161.7	161	13.73	13.706849	35.53	43.9	8.89	28.030538	1.748148	-999	-999
2010931	9	31	2010	17.3525	-18.2538	3053	187.466667	186.5	13.37	13.343614	35.5	42.033333	9.57	28.163871	1.791481	-999	-999
2010930	9	30	2010	17.3525	-18.2538	3053	237.2	236	12.735	12.70262	35.465	36.25	10.4	29.350538	1.858148	-999	-999
2010929	9	29	2010	17.3525	-18.2538	3053	250.6	249.3	12.66	12.625901	35.48	32.6	10.55	30.550538	1.878148	2231.77	2251.8
2010928	9	28	2010	17.3525	-18.2538	3053	350.4	348.4	11.46	11.41517	35.35	21.8	12.79	33.820538	2.058148	2241.88	2297.76
2010927	9	27	2010	17.3525	-18.2538	3053	391.366667	389.1	11.023333	10.974417	35.303333	22.533333	13.67	33.917204	2.104815	-999	-999
2010926	9	26	2010	17.3525	-18.2538	3053	459.9	457	10.42	10.364367	35.24	26.2	15.13	35.360538	2.188148	2243.16	2304.59
2010925	9	25	2010	17.3525	-18.2538	3053	564.2	560.6	9.31	9.246025	35.12	33.8	17.67	36.650538	2.318148	2255.61	2241.29
2010924	9	24	2010	17.3525	-18.2538	3053	664.766667	660.4	8.4	8.328705	35.036667	48.633333	19.626667	36.397204	2.334815	2238.34	2273.9
2010923	9	23	2010	17.3525	-18.2538	3053	798.866667	793.233333	7.283333	7.203655	34.94	66	22.553333	36.553871	2.374815	2244.01	2287.71
2010922	9	22	2010	17.3525	-18.2538	3053	948	940.8	6.42	6.330641	34.9	85.3	24.51	35.450538	2.358148	2226.99	2264.75
2010921	9	21	2010	17.3525	-18.2538	3053	964.2	957	6.37	6.279353	34.91	89.2	24.8	34.190538	2.323148	-999	-999
2010920	9	20	2010	17.3525	-18.2538	3053	1098.1	1087.2	5.92	5.819373	34.95	105.8	24.41	32.670538	2.168148	2219.49	2297.85
2010919	9	19	2010	17.3525	-18.2538	3053	1196.8	1187.1	5.47	5.36351	34.96	129.1	24.9	29.890538	2.078148	-999	-999
2010918	9	18	2010	17.3525	-18.2538	3053	1248.5	1236.75	5.265	5.155341	34.975	139.3	24.46	29.835538	2.013148	2208.51	2306.69
2010917	9	17	2010	17.3525	-18.2538	3053	1348.8	1336.9	4.89	4.774348	34.98	154	24.51	28.350538	1.948148	-999	-999
2010916	9	16	2010	17.3525	-18.2538	3053	1398.3	1383.6	4.84	4.720113	34.99	157.4	24.12	28.110538	1.888148	2200.61	2300.62
2010915	9	15	2010	17.3525	-18.2538	3053	1498.7	1484.9	4.47	4.344577	34.99	173.5	24.51	26.550538	1.828148	-999	-999
2010914	9	14	2010	17.3525	-18.2538	3053	1548.4	1531.95	4.385	4.255849	34.99	176.5	24.26	26.505538	1.793148	2193.18	2301.02
2010913	9	13	2010	17.3525	-18.2538	3053	1698.533333	1680.633333	4.086667	3.946947	34.986667	188.6	24.703333	25.283871	1.728148	2187.62	2275.78
2010912	9	12	2010	17.3525	-18.2538	3053	1899.2	1877.1	3.76	3.605651	34.98	199.8	25.58	24.410538	1.648148	2182.58	2310.35
2010911	9	11	2010	17.3525	-18.2538	3053	2099.833333	2075.666667	3.5	3.330363	34.97	206.266667	27.89	23.950538	1.641481	2182.37	2314.69
2010910	9	10	2010	17.3525	-18.2538	3053	2300.75	2273.25	3.265	3.079791	34.96	210.55	30.265	23.740538	1.618148	2182.45	-999
2010909	9	9	2010	17.3525	-18.2538	3053	2501.333333	2470.1	3.093333	2.891515	34.95	211.6	32.77	23.707204	1.634815	2184.61	2350.91
2010908	9	8	2010	17.3525	-18.2538	3053	2702.9	2666.4	2.94	2.721026	34.94	212.2	34.95	23.670538	1.618148	2191.86	-999
2010907	9	7	2010	17.3525	-18.2538	3053	2903.6	2864.566667	2.783333	2.54722	34.93	209.166667	39.146667	23.927204	1.668148	2201.33	2337.66
2010906	9	6	2010	17.3525	-18.2538	3053	2969.1	2928.8	2.73	2.488296	34.93	207.5	40.8	24.080538	1.698148	-999	-999
2010905	9	5	2010	17.3525	-18.2538	3053	2999	2958	2.71	2.465645	34.93	209.7	40.71	24.010538	1.698148	-999	-999
2010904	9	4	2010	17.3525	-18.2538	3053	3024.5	2983	2.69	2.443446	34.93	202.9	43.34	24.230538	1.728148	-999	-999
2010903	9	3	2010	17.3525	-18.2538	3053	3039.1	2997.3	2.69	2.441935	34.93	200.6	44.12	24.280538	1.738148	-999	-999
2010902	9	2	2010	17.3525	-18.2538	3053	3053.8	3011.7	2.69	2.44041	34.93	200.8	43.73	24.290538	1.738148	-999	-999
2010901	9	1	2010	17.3525	-18.2538	3053	3067.433333	3024.433333	2.7	2.448773	34.93	201.2	43.243333	24.240538	1.721481	2213.86	2336.32
2011022	10	22	2010	17.3548	-20.8225	3357	101.65	101.15	14.765	14.749736	35.615	42.2	7.715	26.970538	1.688148	-999	-999
2011021	10	21	2010	17.3548	-20.8225	3357	121.9	121.4	14.26	14.242118	35.56	45.6	8.21	27.140538	1.678148	-999	-999
2011020	10	20	2010	17.3548	-20.8225	3357	141.55	140.8	14.115	14.094351	35.63	55.4	8.4	26.105538	1.633148	2212.62	2264.91
2011019	10	19	2010	17.3548	-20.8225	3357	186.25	185.3	12.885	12.859444	35.4	55.95	9.67	27.875538	1.768148	2212.05	2258.06
2011018	10	18	2010	17.3548	-20.8225	3357	235.95	234.65	12.705	12.672847	35.45	51.1	9.91	28.490538	1.773148	2212.43	2258.99
2011017	10	17	2010	17.3548	-20.8225	3357	290.1	288.4	12.08	12.041691	35.38	43.4	11.04	30.290538	1.878148	2226.45	-999
2011016	10	16	2010	17.3548	-20.8225	3357	419.7	417.15	10.785	10.733204	35.28	30.25	14.06	34.095538	2.103148	2237.99	2246.98
2011015	10	15	2010	17.3548	-20.8225	3357	499.1	495.9	9.94	9.88128	35.18	32.6	16.11	35.520538	2.228148	2239.95	-999
2011014	10	14	2010	17.3548	-20.8225	3357	663.85	659.3	8.27	8.199461	35.015	47.7	19.87	36.860538	2.368148	2239.32	2247.04
2011013	10	13	2010	17.3548	-20.8225	3357	798.25	792.4	7.15	7.071206	34.915	65.05	22.705	36.740538	2.403148	2234.9	2237.65
2011012	10	12	2010	17.3548	-20.8225	3357	965.7	956.4	6.34	6.249417	34.91	93.9	24.02	34.330538	2.298148	2224.82	2296.67
2011011	10	11	2010	17.3548	-20.8225	3357	1100.3	1089.5	5.88	5.779483	34.95	116.6	23.63	31.930538	2.148148	2215.29	2265.09
2011010	10	10	2010	17.3548	-20.8225	3357	1250.6	1237.9	5.46	5.348288	34.99	137.4	23.33	29.860538	2.008148	2206.04	2291.84
2011009	10	9	2010	17.3548	-20.8225	3357	1500.2	1484.2	4.63	4.502593	35.01	172.2	23.43	26.540538	1.808148	2191.67	2300.29
2011008	10	8	2010	17.3548	-20.8225	3357	1750.7	1731	4.06	3.915639	35	192.5	24.51	24.890538	1.698148	2185.07	2306.36
2011007	10	7	2010	17.3548	-20.8225	3357	2001.6	1977.9	3.66	3.497325	34.98	203.5	26.36	24.110538	1.638148	2186.03	-999
2011006	10	6	2010	17.3548	-20.8225	3357	2252.5	2224.5	3.37	3.187688	34.97	210.2	28.9	23.640538	1.618148	2187.44	2308.08
2011005	10	5	2010	17.3548	-20.8225	3357	2504.3	2471.7	3.09	2.88795	34.95	214.9	32.22	23.500538	1.618148	2186.18	2317.5
2011004	10	4	2010	17.3548	-20.8225	3357	2755	2717.5	2.92	2.696164	34.94	217.3	34.75	23.390538	1.608148	2188.91	-999
2011003	10	3	2010	17.3548	-20.8225	3357	3007.5	2964.8	2.75	2.503901	34.93	217.3	38.07	23.620538	1.618148	2193.76	-999
2011002	10	2	2010	17.3548	-20.8225	3357	3310.2	3260.7	2.57	2.296242	34.92	211.7	43.24	24.250538	1.668148	2218.01	2314.68
2011001	10	1	2010	17.3548	-20.8225	3357	3375.2	3324.3	2.5	2.22103	34.91	208.4	45.98	24.590538	1.688148	2208.05	2317.49
2011123	11	23	2010	17.3516	-22.7847	3361	112.2	111.7	17.07	17.051302	36.27	90.6	4.69	17.820538	1.108148	-999	-999
2011122	11	22	2010	17.3516	-22.7847	3361	137.05	136.3	16.195	16.172976	36.125	82.55	5.52	19.720538	1.213148	2199.72	2314.23
2011121	11	21	2010	17.3516	-22.7847	3361	151.6	150.8	15.87	15.845972	36.07	79.1	5.96	20.460538	1.258148	-999	-999
2011120	11	20	2010	17.3516	-22.7847	3361	181.7	180.65	15.01	14.982267	35.95	77.2	6.645	21.625538	1.323148	2204.76	2344.57
2011119	11	19	2010	17.3516	-22.7847	3361	201.5	200.3	14.62	14.589782	35.88	75.6	6.94	22.360538	1.378148	2204.62	2357.9
2011118	11	18	2010	17.3516	-22.7847	3361	251.05	249.6	13.545	13.509209	35.715	66	8.45	24.945538	1.528148	2215.08	2341.3
2011117	11	17	2010	17.3516	-22.7847	3361	300.4	298.6	12.68	12.638965	35.58	56.7	9.86	27.530538	1.688148	2224.19	2307.49
2011116	11	16	2010	17.3516	-22.7847	3361	349.9	347.7	11.98	11.933873	35.5	56.7	10.84	28.700538	1.768148	2220.17	2327.58
2011115	11	15	2010	17.3516	-22.7847	3361	450.15	447.2	10.545	10.490123	35.31	54.45	13.82	31.615538	1.958148	2227.24	2321.23
2011114	11	14	2010	17.3516	-22.7847	3361	599.6	595.35	8.785	8.719191	35.1	62.5	17.87	33.875538	2.173148	2227.21	2307.84
2011113	11	13	2010	17.3516	-22.7847	3361	798	791.8	7.08	7.001615	34.94	81.6	22.16	34.680538	2.308148	2225.82	2305.65
2011112	11	12	2010	17.3516	-22.7847	3361	899	891.1	6.56	6.474578	34.93	96.1	23.43	33.700538	2.228148	2217.47	2317.66
2011111	11	11	2010	17.3516	-22.7847	3361	1098.4	1088.4	5.82	5.720128	34.97	125	23.73	30.860538	2.058148	2209.45	2308.93
2011110	11	10	2010	17.3516	-22.7847	3361	1298.8	1286.3	5.34	5.224625	35.03	150.7	23.14	27.930538	1.888148	2197.31	2317.02
2011109	11	9	2010	17.3516	-22.7847	3361	1497.5	1482.6	4.63	4.502827	35.02	174.2	23.53	25.900538	1.758148	2189.89	2318.27
2011108	11	8	2010	17.3516	-22.7847	3361	1748.3	1729.8	4.06	3.915867	35	192.1	24.31	24.600538	1.678148	2182.34	2300.05
2011107	11	7	2010	17.3516	-22.7847	3361	1998.8	1976.5	3.63	3.468038	34.98	205	26.95	23.700538	1.608148	2177.79	2314.57
2011106	11	6	2010	17.3516	-22.7847	3361	2250.2	2223.7	3.31	3.128944	34.96	213.5	28.8	23.190538	1.568148	2185.02	-999
2011105	11	5	2010	17.3516	-22.7847	3361	2500.8	2470	3.1	2.898113	34.95	217.1	31.73	23.020538	1.568148	2187.76	2329.06
2011104	11	4	2010	17.3516	-22.7847	3361	2751.4	2715.8	2.91	2.686728	34.94	219.9	34.07	22.960538	1.568148	2187.07	2326.62
2011103	11	3	2010	17.3516	-22.7847	3361	3003.5	2962.8	2.76	2.514098	34.93	221.2	36.61	23.090538	1.578148	2195.43	-999
2011102	11	2	2010	17.3516	-22.7847	3361	3205.3	3160.3	2.64	2.375729	34.92	220.7	40.02	23.340538	1.588148	2195.32	2333.06
2011101	11	1	2010	17.3516	-22.7847	3361	3385.4	3336.5	2.56	2.278439	34.92	217.9	42.17	23.720538	1.618148	2198.11	2345.6
2011221	12	21	2010	17.4026	-24.4974	3548	112.3	111.8	18.82	18.799951	36.52	138.4	2.25	11.130538	0.738148	-999	-999
2011220	12	20	2010	17.4026	-24.4974	3548	136.9	136.25	18.46	18.435859	36.6	132.7	2.595	11.255538	0.718148	2130.65	2388.65
2011219	12	19	2010	17.4026	-24.4974	3548	186.2	185.35	15.97	15.94032	36.13	93.7	5.33	18.745538	1.153148	2152.37	2358.64
2011218	12	18	2010	17.4026	-24.4974	3548	236.05	234.85	14.49	14.45478	35.86	73.4	7.085	22.870538	1.423148	2169.68	2341.17
2011217	12	17	2010	17.4026	-24.4974	3548	286.3	284.7	13.24	13.199761	35.66	60.8	9.18	26.200538	1.618148	2175.68	2337.38
2011216	12	16	2010	17.4026	-24.4974	3548	350.7	348.7	12.02	11.973677	35.48	49.3	11.13	29.530538	1.828148	2186.7	2333.86
2011215	12	15	2010	17.4026	-24.4974	3548	450.1	447.35	10.805	10.749282	35.325	48.6	13.425	32.070538	1.988148	2196.82	2311.62
2011214	12	14	2010	17.4026	-24.4974	3548	599.1	595.15	8.73	8.66452	35.065	64.05	18.065	34.295538	2.193148	2189.71	2310.55
2011213	12	13	2010	17.4026	-24.4974	3548	798.25	792.55	7.07	6.991661	34.93	76.35	22.65	35.515538	2.338148	2192.59	2312.7
2011212	12	12	2010	17.4026	-24.4974	3548	899.2	891.2	6.46	6.375242	34.92	96.8	23.14	34.050538	2.268148	2182.26	2307.46
2011211	12	11	2010	17.4026	-24.4974	3548	1078.6	1068.7	5.93	5.831207	34.96	119.7	23.24	31.530538	2.108148	2174.32	2312.61
2011210	12	10	2010	17.4026	-24.4974	3548	1278.4	1266.1	5.3	5.187041	35.01	150.4	22.75	28.270538	1.918148	2161.94	2322.01
2011209	12	9	2010	17.4026	-24.4974	3548	1498.5	1483.3	4.69	4.562061	35.02	173.7	22.85	26.210538	1.788148	2153.2	2319.05
2011208	12	8	2010	17.4026	-24.4974	3548	1748.2	1729.5	4.09	3.945486	35	194	24.02	24.630538	1.678148	2145.74	2320.77
2011207	12	7	2010	17.4026	-24.4974	3548	1998.7	1976.1	3.67	3.507455	34.98	206.1	25.87	23.760538	1.618148	2141.61	2325.78
2011206	12	6	2010	17.4026	-24.4974	3548	2249.5	2222.8	3.38	3.197815	34.97	213	27.92	23.400538	1.598148	2142.13	2329.7
2011205	12	5	2010	17.4026	-24.4974	3548	2500.7	2469.5	3.16	2.956984	34.96	219	30.07	23.100538	1.578148	2142.86	2327.73
2011204	12	4	2010	17.4026	-24.4974	3548	2751.8	2715.8	2.95	2.725844	34.95	219.7	33	23.130538	1.588148	2145.22	2331.81
2011203	12	3	2010	17.4026	-24.4974	3548	3003.8	2962.8	2.79	2.54337	34.94	221.4	36.02	23.210538	1.598148	2148.23	2340.58
2011202	12	2	2010	17.4026	-24.4974	3548	3255.8	3209.4	2.64	2.370385	34.92	221.1	39.34	23.460538	1.608148	2155.79	2343.52
2011201	12	1	2010	17.4026	-24.4974	3548	3585.3	3531.3	2.55	2.247016	34.91	218.8	42.66	23.910538	1.638148	-999	2320.82
2011124	1	24	2011	39.6913	-69.8175	2158	111.45	110.6	14.764	14.74722	35.90445	123.25	6.43	17.133038	1.025648	2172.6	2353.82
2011123	1	23	2011	39.6913	-69.8175	2158	136.975	135.9	13.78975	13.770056	35.768225	128.925	7.1175	18.195538	1.148148	2174.4	2348.62
2011122	1	22	2011	39.6913	-69.8175	2158	187.5	186.05	11.948	11.923483	35.5162	116.4	10.56	22.690538	1.518148	2190.7	2335.81
2011121	1	21	2011	39.6913	-69.8175	2158	237.733333	235.866667	10.867333	10.838061	35.3897	119.8	11.603333	23.963871	1.514815	-999	-999
2011120	1	20	2011	39.6913	-69.8175	2158	287.6	285.2	9.993	9.959364	35.29075	120.15	13.105	25.165538	1.613148	2195	2326.21
2011119	1	19	2011	39.6913	-69.8175	2158	327.8	324.95	9.014	8.977978	35.18675	123.2	14.765	26.385538	1.698148	2199.3	2319.47
2011118	1	18	2011	39.6913	-69.8175	2158	424.275	420.15	7.42775	7.385911	35.10785	151.875	14.4975	24.920538	1.635648	2198.5	2318.4
2011117	1	17	2011	39.6913	-69.8175	2158	480.35	475.9	6.6915	6.646634	35.0756	169	14.08	23.720538	1.578148	2191.6	2315.24
2011116	1	16	2011	39.6913	-69.8175	2158	529.75	524.05	6.0655	6.018375	35.04915	185.15	13.35	22.680538	1.508148	2186.1	2312.41
2011115	1	15	2011	39.6913	-69.8175	2158	605.366667	599	5.47	5.418594	35.027967	203.4	12.68	21.560538	1.421481	2181.5	2309.42
2011114	1	14	2011	39.6913	-69.8175	2158	670.9	664.5	5.03175	4.976744	35.001875	218.05	12.105	20.578038	1.373148	2168.6	2296.8
2011113	1	13	2011	39.6913	-69.8175	2158	832.966667	824.866667	4.621	4.55437	34.984233	231.066667	11.573333	19.987204	1.368148	2171.2	2304.84
2011112	1	12	2011	39.6913	-69.8175	2158	973.9	964	4.423	4.345605	34.9595	238.5	11.35	19.680538	1.288148	2160	2295.23
2011111	1	11	2011	39.6913	-69.8175	2158	1084.1	1072.8	4.376	4.28933	34.9755	236.8	11.74	19.790538	1.298148	2173.7	2308.74
2011110	1	10	2011	39.6913	-69.8175	2158	1212	1199.166667	4.257667	4.160722	34.977433	237.7	11.963333	19.810538	1.321481	2169.9	2308.51
2011109	1	9	2011	39.6913	-69.8175	2158	1517.7	1500.566667	3.903667	3.782987	34.9538	243.966667	12.453333	19.603871	1.308148	2167.6	2305.99
2011108	1	8	2011	39.6913	-69.8175	2158	1669.3	1649.7	3.897	3.762498	34.953	244.4	12.62	19.610538	1.308148	2174.1	2304.02
2011107	1	7	2011	39.6913	-69.8175	2158	1822.466667	1800.566667	3.71	3.563677	34.949233	245.9	13.333333	19.633871	1.311481	2161.2	2301.69
2011106	1	6	2011	39.6913	-69.8175	2158	2023.966667	1998.666667	3.537	3.374143	34.943967	246.6	14.31	19.570538	1.314815	2157.7	2299.39
2011105	1	5	2011	39.6913	-69.8175	2158	2039	2013.2	3.398	3.235823	34.941	247.4	14.96	19.520538	1.378148	-999	-999
2011104	1	4	2011	39.6913	-69.8175	2158	2056.1	2029.9	3.38	3.216481	34.9408	247.3	15.16	19.610538	1.318148	-999	-999
2011103	1	3	2011	39.6913	-69.8175	2158	2072.75	2046.3	3.4905	3.323695	34.94365	247	14.67	19.605538	1.328148	2164.3	2307.94
2011102	1	2	2011	39.6913	-69.8175	2158	2085.6	2058.9	3.354	3.188087	34.9404	247.3	15.35	19.600538	1.318148	-999	-999
2011101	1	1	2011	39.6913	-69.8175	2158	2098.066667	2071.2	3.352667	3.185591	34.940433	247.233333	15.42	19.570538	1.321481	-999	-999
2011222	2	22	2011	39.3498	-69.5434	2493	100.8	99.9	15.708	15.692161	36.0334	121.9	5.77	16.010538	0.938148	-999	-999
2011221	2	21	2011	39.3498	-69.5434	2493	136.25	135	13.669	13.649529	35.7479	128.3	7.375	18.565538	1.258148	2166.6	2338.13
2011220	2	20	2011	39.3498	-69.5434	2493	151.3	150	13.106	13.084976	35.6764	118.2	8.5	20.350538	1.258148	-999	-999
2011219	2	19	2011	39.3498	-69.5434	2493	187.9	186.15	12.0345	12.009816	35.51355	107.95	10.4	23.120538	1.433148	2182.5	2326.67
2011218	2	18	2011	39.3498	-69.5434	2493	237.2	234.95	10.6745	10.645643	35.3309	108.15	12.84	25.555538	1.608148	2206.3	2334.82
2011217	2	17	2011	39.3498	-69.5434	2493	286.1	283.3	9.498	9.465605	35.21675	113	14.55	26.735538	1.708148	2194.6	2314.63
2011216	2	16	2011	39.3498	-69.5434	2493	327.4	324.15	8.2825	8.248322	35.1282	130.9	15.23	26.400538	1.713148	2190.3	2314.04
2011215	2	15	2011	39.3498	-69.5434	2493	423.85	419.55	6.671	6.63164	35.0758	168.45	13.915	23.595538	1.558148	2181.3	2309.44
2011214	2	14	2011	39.3498	-69.5434	2493	479.1	474	5.784	5.742578	35.0514	192.9	13.09	22.020538	1.478148	2177.1	2307.73
2011213	2	13	2011	39.3498	-69.5434	2493	529.7	524	5.503	5.458161	35.0413	201.7	12.8	21.360538	1.438148	2175.5	2306.75
2011212	2	12	2011	39.3498	-69.5434	2493	605.7	598.5	5.127	5.077159	35.0254	213.4	12.5	21.000538	1.418148	2172	2306.6
2011211	2	11	2011	39.3498	-69.5434	2493	665.8	657.8	4.973	4.918716	35.0208	217.9	12.01	20.560538	1.378148	2169	2306.18
2011210	2	10	2011	39.3498	-69.5434	2493	834.3	824	4.523	4.456865	34.997	230.7	11.72	19.920538	1.338148	2168.8	2307.56
2011209	2	9	2011	39.3498	-69.5434	2493	975.2	962.8	4.231	4.154906	34.9717	238.3	11.53	19.600538	1.328148	2166.7	2305.26
2011208	2	8	2011	39.3498	-69.5434	2493	1215.2	1199.2	4.002	3.907158	34.9652	241.1	12.11	19.600538	1.328148	2138.4	2277.96
2011207	2	7	2011	39.3498	-69.5434	2493	1366.3	1347.8	3.867	3.760249	34.9602	242.9	12.6	19.660538	1.338148	2159.7	2302.91
2011206	2	6	2011	39.3498	-69.5434	2493	1518.3	1497.3	3.716	3.597412	34.9555	244.3	13.28	19.630538	1.328148	2161.3	2304.76
2011205	2	5	2011	39.3498	-69.5434	2493	1669.7	1645.9	3.58	3.449447	34.9486	246.2	13.67	19.560538	1.338148	2162.2	2306.27
2011204	2	4	2011	39.3498	-69.5434	2493	1822.2	1795.6	3.484	3.340781	34.9492	246.1	14.55	19.640538	1.338148	2162.7	2307.75
2011203	2	3	2011	39.3498	-69.5434	2493	2023.9	1993.4	3.337	3.177146	34.9473	245.8	15.92	19.690538	1.338148	2161	2309.55
2011202	2	2	2011	39.3498	-69.5434	2493	2231	2196.3	3.168	2.991209	34.9417	246	17.19	19.670538	1.338148	2167.6	2316.85
2011201	2	1	2011	39.3498	-69.5434	2493	2492.6	2452.2	2.935	2.737028	34.9282	249.4	17.58	19.300538	1.318148	2168.2	2315.75
2011322	3	22	2011	38.6751	-69.1013	3426	111	110.45	21.1145	21.093004	36.73455	130.95	1.91	7.575538	0.398148	2131.4	2393.76
2011321	3	21	2011	38.6751	-69.1013	3426	136.4	135.65	19.937	19.911612	36.7314	151.4	1.375	6.240538	0.333148	2130.2	2391.88
2011320	3	20	2011	38.6751	-69.1013	3426	150.8	150	19.181	19.153677	36.6611	159.4	1.57	6.190538	0.328148	-999	-999
2011319	3	19	2011	38.6751	-69.1013	3426	187.1	185.95	18.7595	18.726098	36.6235	168.55	1.18	5.975538	0.298148	2115.2	2385.59
2011318	3	18	2011	38.6751	-69.1013	3426	234.4	232.95	18.106	18.06514	36.541	168.75	1.52	7.170538	0.378148	2114.8	2381.43
2011317	3	17	2011	38.6751	-69.1013	3426	290.4	288.55	17.481	17.431546	36.43845	165.55	2.01	8.620538	0.468148	2124.6	2375.39
2011316	3	16	2011	38.6751	-69.1013	3426	420.8	417.8	15.136	15.070916	36.0234	149.4	4.01	13.910538	0.788148	2146.2	2354.54
2011315	3	15	2011	38.6751	-69.1013	3426	542	537.95	10.0725	10.008017	35.25965	110.25	13.77	26.550538	1.663148	2193.5	2317.82
2011314	3	14	2011	38.6751	-69.1013	3426	671.05	665.65	7.689	7.62043	35.11905	147.35	14.11	24.970538	1.608148	2184.8	2310.2
2011313	3	13	2011	38.6751	-69.1013	3426	805.1	798.3	5.696	5.625097	35.0399	196.7	12.5	21.770538	1.438148	2175	2304.74
2011312	3	12	2011	38.6751	-69.1013	3426	972.9	962.8	4.786	4.705929	35.0021	225	12.21	20.090538	1.338148	2171.5	2276.43
2011311	3	11	2011	38.6751	-69.1013	3426	1088.6	1077.1	4.521	4.432704	34.992	231.7	12.01	19.720538	1.318148	2164.4	2302.19
2011310	3	10	2011	38.6751	-69.1013	3426	1214.2	1201	4.278	4.180676	34.9755	237.4	11.92	19.650538	1.308148	2175.9	2314.47
2011309	3	9	2011	38.6751	-69.1013	3426	1363.1	1347.8	4.075	3.966372	34.9652	241.1	12.21	19.550538	1.318148	2160.5	2298.62
2011308	3	8	2011	38.6751	-69.1013	3426	1517.5	1500	3.949	3.827791	34.9653	242	12.7	19.630538	1.368148	2155.5	2297.23
2011307	3	7	2011	38.6751	-69.1013	3426	1826.5	1804.2	3.618	3.472553	34.9494	246.2	13.77	19.510538	1.328148	2160.6	2304.47
2011306	3	6	2011	38.6751	-69.1013	3426	2124.3	2096.9	3.4	3.229666	34.945	247.1	15.24	19.470538	1.328148	2162	2308.24
2011305	3	5	2011	38.6751	-69.1013	3426	2435.3	2402.1	3.105	2.909512	34.9405	246.7	17.97	19.550538	1.338148	2160.2	2307.5
2011304	3	4	2011	38.6751	-69.1013	3426	2735.4	2696.2	2.816	2.59627	34.9277	248.2	19.82	19.470538	1.338148	2161.1	2307.84
2011303	3	3	2011	38.6751	-69.1013	3426	2941.8	2898.2	2.619	2.382527	34.9164	251	20.21	19.190538	1.328148	2161.4	2307.38
2011302	3	2	2011	38.6751	-69.1013	3426	3157.6	3109.2	2.408	2.154086	34.9051	253	21.29	19.050538	1.328148	2163	2307.84
2011301	3	1	2011	38.6751	-69.1013	3426	3317.5	3265.3	2.222	1.95586	34.8936	252.3	20.8	19.120538	1.318148	2162.6	2307.85
2011422	4	22	2011	38.3243	-68.8669	3790	111.85	111	23.683	23.659538	36.46155	179.85	0.69	2.490538	0.148148	2042.4	2368.85
2011421	4	21	2011	38.3243	-68.8669	3790	136.3	135.25	22.4125	22.384961	36.7495	173.3	0.645	3.230538	0.178148	2088.4	2390.81
2011420	4	20	2011	38.3243	-68.8669	3790	161.5	160.3	20.977	20.945834	36.7787	169.3	0.69	3.970538	0.188148	-999	-999
2011419	4	19	2011	38.3243	-68.8669	3790	186.35	184.8	20.057	20.022141	36.71145	168.45	0.84	4.515538	0.228148	2113.4	2392.11
2011418	4	18	2011	38.3243	-68.8669	3790	239.2	237.15	18.809	18.766173	36.62515	173.45	0.985	5.475538	0.258148	2115.8	2388.5
2011417	4	17	2011	38.3243	-68.8669	3790	287.9	285.3	18.353	18.302274	36.5841	177	1.18	6.050538	0.308148	2110.4	2381.05
2011416	4	16	2011	38.3243	-68.8669	3790	426.3	422.4	17.477	17.404174	36.459	175.9	1.67	7.750538	0.388148	-999	-999
2011415	4	15	2011	38.3243	-68.8669	3790	554.2	548.8	15.065	14.979239	35.99	133.5	4.99	15.740538	0.928148	2152.3	2347.62
2011414	4	14	2011	38.3243	-68.8669	3790	628.9	622.6	13.451	13.36055	35.75095	140.85	6.3	17.540538	1.053148	2158.2	2334.16
2011413	4	13	2011	38.3243	-68.8669	3790	806.75	798.15	9.308	9.215247	35.2171	123.05	13.965	25.985538	1.663148	2185.6	2312.22
2011412	4	12	2011	38.3243	-68.8669	3790	973	960.5	6.22	6.129314	35.0668	183.3	13.48	22.870538	1.488148	2176.3	2307.54
2011411	4	11	2011	38.3243	-68.8669	3790	1083.8	1069.7	5.244	5.150166	35.0142	211.2	12.7	21.010538	1.378148	2168.9	2301.87
2011410	4	10	2011	38.3243	-68.8669	3790	1207.7	1191.7	4.744	4.642969	34.9896	226.9	12.21	20.140538	1.338148	2170.5	2303.48
2011409	4	9	2011	38.3243	-68.8669	3790	1509.6	1488.5	4.28	4.155732	34.9743	237.6	12.31	19.800538	1.318148	2162.3	2301.13
2011408	4	8	2011	38.3243	-68.8669	3790	1817.2	1790.6	3.989	3.839341	34.9666	241.4	12.99	19.750538	1.328148	2157.5	2298.47
2011407	4	7	2011	38.3243	-68.8669	3790	2128.7	2096.1	3.686	3.510721	34.9525	245.3	13.87	19.670538	1.318148	2157.5	2300.69
2011406	4	6	2011	38.3243	-68.8669	3790	2433.3	2394.3	3.427	3.225957	34.9433	247.3	15.33	19.620538	1.318148	2156.9	2299.58
2011405	4	5	2011	38.3243	-68.8669	3790	2743.6	2697.6	3.213	2.984482	34.941	246.6	17.58	19.680538	1.328148	2160.2	2306.07
2011404	4	4	2011	38.3243	-68.8669	3790	3043.6	2990.4	2.995	2.739787	34.932	248.2	18.75	19.510538	1.328148	2158	2304.06
2011403	4	3	2011	38.3243	-68.8669	3790	3351.8	3290.7	2.766	2.483125	34.9204	250.8	19.33	19.230538	1.308148	2160.9	2302.66
2011402	4	2	2011	38.3243	-68.8669	3790	3743.9	3672.3	2.182	1.871236	34.8871	246.1	32.02	20.590538	1.307714	2173.7	2317.25
2011401	4	1	2011	38.3243	-68.8669	3790	3845.2	3770.6	2.168	1.84644	34.8847	244.3	34.36	20.622699	1.307517	2175.5	2317.91
2011510	5	10	2011	38.0789	-68.718	4074	111.2	110.6	22.199	22.176696	36.7126	184.3	0.5	2.700538	0.148148	-999	-999
2011509	5	9	2011	38.0789	-68.718	4074	136.2	135.5	20.371	20.345268	36.7146	184.8	0.5	3.230538	0.158148	-999	-999
2011508	5	8	2011	38.0789	-68.718	4074	185.9	184.8	18.999	18.965517	36.6511	180.4	0.69	4.270538	0.198148	-999	-999
2011507	5	7	2011	38.0789	-68.718	4074	240	238.5	18.478	18.435551	36.6195	183.1	0.99	5.330538	0.248148	-999	-999
2011506	5	6	2011	38.0789	-68.718	4074	323.2	321.1	18.149	18.092442	36.5873	186.8	0.99	5.660538	0.278148	-999	-999
2011505	5	5	2011	38.0789	-68.718	4074	422.8	419.9	17.603	17.530412	36.49	180.4	1.47	7.150538	0.358148	-999	-999
2011504	5	4	2011	38.0789	-68.718	4074	555.7	551.6	16.012	15.922346	36.1815	159.6	3.03	11.620538	0.708148	-999	-999
2011503	5	3	2011	38.0789	-68.718	4074	671.7	666.5	13.588	13.490607	35.7713	143.9	6.16	17.040538	1.028148	-999	-999
2011502	5	2	2011	38.0789	-68.718	4074	805.9	799.4	9.878	9.782002	35.2663	119.5	13.18	25.540538	1.628148	-999	-999
2011501	5	1	2011	38.0789	-68.718	4074	976.7	968.2	6.47	6.377118	35.0734	176.1	13.58	23.130538	1.528148	-999	-999
2011622	6	22	2011	37.5632	-68.4309	4603	112	111.1	23.4185	23.395232	36.0823	184.7	1.09	2.375538	0.163148	2088.6	-999
2011621	6	21	2011	37.5632	-68.4309	4603	141.95	140.8	20.2565	20.229898	36.1564	161.05	2.3	5.970538	0.388148	2108.4	2366.2
2011620	6	20	2011	37.5632	-68.4309	4603	161.8	160.5	20.08	20.049772	36.41905	144	2.35	7.390538	0.413148	2125.5	2377.08
2011619	6	19	2011	37.5632	-68.4309	4603	234.3	232.3	16.369	16.330985	36.0938	136.15	4.305	13.035538	0.763148	2148.1	2340.17
2011618	6	18	2011	37.5632	-68.4309	4603	287.3	284.7	14.783	14.739458	35.9426	135.2	5.47	16.000538	0.978148	2155.2	2348.18
2011617	6	17	2011	37.5632	-68.4309	4603	323	320.2	14.651	14.602295	35.9179	134.2	5.77	16.290538	0.988148	-999	-999
2011616	6	16	2011	37.5632	-68.4309	4603	478.2	473.55	10.5405	10.482123	35.3383	115.45	12.65	25.065538	1.583148	2182.4	2307.06
2011615	6	15	2011	37.5632	-68.4309	4603	673.4	666.35	6.709	6.645131	35.07875	170.6	13.77	23.455538	1.548148	2167	2284.4
2011614	6	14	2011	37.5632	-68.4309	4603	973.45	962.25	4.898	4.817019	35.0224	222.95	11.965	20.240538	1.348148	2167.6	2304.47
2011613	6	13	2011	37.5632	-68.4309	4603	1206.7	1191.8	4.392	4.294279	34.9862	235.1	12.11	19.820538	1.328148	2162.6	2300.28
2011612	6	12	2011	37.5632	-68.4309	4603	1525	1503.4	3.926	3.804359	34.9709	242.3	12.89	19.770538	1.338148	2158.1	2300.15
2011611	6	11	2011	37.5632	-68.4309	4603	1825	1797.9	3.645	3.499301	34.9574	245.4	13.97	19.600538	1.318148	2158.9	2301.85
2011610	6	10	2011	37.5632	-68.4309	4603	2125.1	2092.1	3.443	3.271882	34.9542	245.9	15.82	19.710538	1.338148	2153.6	2294.71
2011609	6	9	2011	37.5632	-68.4309	4603	2424.8	2385.6	3.19	2.994	34.9474	245.6	18.16	19.830538	1.348148	2157	2304.63
2011608	6	8	2011	37.5632	-68.4309	4603	2736.7	2690.5	2.905	2.683331	34.9359	245.4	20.7	19.890538	1.378148	2158.9	2306.84
2011607	6	7	2011	37.5632	-68.4309	4603	3042.9	2989.4	2.69	2.441574	34.9233	247.4	22.26	19.830538	1.368148	2160.4	2308.91
2011606	6	6	2011	37.5632	-68.4309	4603	3348.6	3287.3	2.45	2.17507	34.9086	249.6	23.82	19.790538	1.378148	-999	-999
2011605	6	5	2011	37.5632	-68.4309	4603	3660	3590.3	2.306	2.00113	34.898	248.7	27.24	20.110538	1.388148	-999	-999
2011604	6	4	2011	37.5632	-68.4309	4603	3868.7	3793.2	2.25	1.923556	34.8924	246.6	30.17	20.570538	1.418148	2171.7	2317.82
2011603	6	3	2011	37.5632	-68.4309	4603	4278.8	4191.1	2.212	1.839788	34.8849	243.5	34.56	21.150538	1.458148	2175.9	2320.83
2011602	6	2	2011	37.5632	-68.4309	4603	4518.2	4423.1	2.207	1.80664	34.8812	242.7	36.71	21.470538	1.498148	2182.7	2324.06
2011601	6	1	2011	37.5632	-68.4309	4603	4615.4	4517.1	2.205	1.793012	34.8796	241.4	37.98	21.630538	1.528148	2182	2326.21
2011823	8	23	2011	35.4198	-66.5735	4956	111.2	110.6	21.9465	21.924373	36.72905	168.05	1.18	3.810538	0.208148	2102.4	2393.68
2011822	8	22	2011	35.4198	-66.5735	4956	135.75	134.95	20.305	20.279409	36.73075	169.85	1.08	4.355538	0.223148	2103.7	2389.83
2011821	8	21	2011	35.4198	-66.5735	4956	185.45	184.35	18.825	18.791815	36.621	169.35	1.38	5.865538	0.298148	2110	2383.09
2011820	8	20	2011	35.4198	-66.5735	4956	238.9	237.3	18.322	18.279998	36.594	180.3	1.38	5.830538	0.298148	2110.6	2384.17
2011819	8	19	2011	35.4198	-66.5735	4956	283.8	282	18.172	18.122335	36.5945	187.4	1.28	5.540538	0.278148	-999	-999
2011818	8	18	2011	35.4198	-66.5735	4956	293.5	291.5	18.133	18.081703	36.5903	188.2	1.47	5.570538	0.288148	2105	2382.1
2011817	8	17	2011	35.4198	-66.5735	4956	423.25	420.3	17.659	17.586164	36.52025	191.4	1.62	6.135538	0.323148	2109.2	2379.82
2011816	8	16	2011	35.4198	-66.5735	4956	553.65	549.6	15.999	15.909732	36.1783	165.1	3.28	11.125538	0.633148	2132.1	2359.58
2011815	8	15	2011	35.4198	-66.5735	4956	807.4	800.8	10.4625	10.362874	35.3425	125.95	11.72	23.860538	1.508148	2182.6	2324.43
2011814	8	14	2011	35.4198	-66.5735	4956	1009.95	1001.05	6.3595	6.264068	35.06735	180.85	13.675	22.735538	1.508148	2176.9	2306.82
2011813	8	13	2011	35.4198	-66.5735	4956	1210.3	1198.8	4.932	4.828967	35.0144	222.2	12.21	20.260538	1.378148	2166.2	2302.78
2011812	8	12	2011	35.4198	-66.5735	4956	1517.1	1495.7	4.322	4.196531	34.9843	236.6	11.82	19.830538	1.288148	2164.6	2300.4
2011811	8	11	2011	35.4198	-66.5735	4956	1819.9	1793.1	3.97	3.82033	34.9702	241.7	12.7	19.640538	1.288148	2158.7	2300.38
2011810	8	10	2011	35.4198	-66.5735	4956	2124.7	2091.9	3.652	3.477622	34.9591	244.9	14.45	19.650538	1.298148	2159.4	2303.88
2011809	8	9	2011	35.4198	-66.5735	4956	2430.3	2391.1	3.293	3.09462	34.9485	245.6	17.29	19.790538	1.318148	2154.9	2301.57
2011808	8	8	2011	35.4198	-66.5735	4956	2734.2	2688.2	3.099	2.87369	34.9451	244.1	19.92	20.020538	1.348148	2156.3	2305.24
2011806	8	6	2011	35.4198	-66.5735	4956	3350.2	3288.9	2.538	2.260768	34.9141	248.5	23.82	19.860538	1.358148	2160.9	2310.49
2011805	8	5	2011	35.4198	-66.5735	4956	3661.9	3592.3	2.397	2.089533	34.9045	248.9	26.17	20.000538	1.388148	-999	-999
2011804	8	4	2011	35.4198	-66.5735	4956	3963.4	3885.2	2.311	1.972195	34.8966	247.5	28.7	20.300538	1.448148	2165.9	2315.52
2011803	8	3	2011	35.4198	-66.5735	4956	4321.4	4232.5	2.274	1.894919	34.8905	245	31.63	20.730538	1.438148	2171.1	2317.28
2011802	8	2	2011	35.4198	-66.5735	4956	4655.5	4556.1	2.254	1.835568	34.8844	242.6	35.05	21.270538	1.478148	2174.9	2321.01
2012030	10	30	2011	31.7488	-64.1727	4569	111.825	111	20.13775	20.116804	36.69055	186.125	0.7425	2.758038	0.173148	2108	2394.3
2012029	10	29	2011	31.7488	-64.1727	4569	149.8	148.6	18.958	18.931081	36.6337	178.6	0.99	4.260538	0.208148	-999	-999
2012028	10	28	2011	31.7488	-64.1727	4569	185.566667	184.133333	18.433333	18.40061	36.5925	180.633333	1.02	4.973871	0.231481	2111.6	2386.3
2012027	10	27	2011	31.7488	-64.1727	4569	234.75	232.65	18.1815	18.140451	36.5812	185.25	1.28	5.695538	0.303148	2110.8	2388.06
2012026	10	26	2011	31.7488	-64.1727	4569	286.966667	284.766667	18.001333	17.951441	36.567833	187.5	1.313333	5.887204	0.304815	2107.5	2382.76
2012025	10	25	2011	31.7488	-64.1727	4569	340.8	337.7	17.812	17.753111	36.5432	189.5	1.38	6.070538	0.318148	-999	-999
2012024	10	24	2011	31.7488	-64.1727	4569	421.85	417.8	17.5085	17.436341	36.48575	186.6	1.62	6.795538	0.353148	2113.5	2377.37
2012023	10	23	2011	31.7488	-64.1727	4569	503	498.833333	16.706	16.622556	36.323567	176.833333	2.256667	9.000538	0.498148	2125.7	2368.29
2012022	10	22	2011	31.7488	-64.1727	4569	605.8	599.7	15.073	14.979066	36.0104	150.3	4.5	14.100538	0.828148	-999	-999
2012021	10	21	2011	31.7488	-64.1727	4569	756.1	750	11.229	11.131742	35.4288	123.9	10.65	23.050538	1.448148	-999	-999
2012020	10	20	2011	31.7488	-64.1727	4569	804.6	796.6	10.348333	10.249731	35.329867	124.033333	12.11	24.360538	1.531481	2184.7	2312.47
2012019	10	19	2011	31.7488	-64.1727	4569	958.2	949.9	7.071	6.97568	35.1105	162.8	14.06	24.090538	1.578148	-999	-999
2012018	10	18	2011	31.7488	-64.1727	4569	979.35	969.5	6.8525	6.756543	35.0943	168	13.87	23.630538	1.548148	2181.2	2308.8
2012017	10	17	2011	31.7488	-64.1727	4569	1212.05	1198.95	5.0805	4.975918	35.03125	218.85	12.115	20.540538	1.368148	2168.5	2304.48
2012016	10	16	2011	31.7488	-64.1727	4569	1513.366667	1495.733333	4.265667	4.141182	34.985933	237.633333	12.173333	19.790538	1.314815	2163.7	2304.43
2012015	10	15	2011	31.7488	-64.1727	4569	1821.15	1797.45	3.8095	3.661891	34.9688	243.1	13.675	19.680538	1.313148	2161.9	2306.37
2012014	10	14	2011	31.7488	-64.1727	4569	2124.75	2097.233333	3.532833	3.360295	34.966517	242.883333	16.323333	19.955538	1.339815	2163.4	2311.14
2012013	10	13	2011	31.7488	-64.1727	4569	2326.9	2292.7	3.3745	3.184846	34.96635	240.8	19.09	20.185538	1.373148	2162.2	2310.49
2012012	10	12	2011	31.7488	-64.1727	4569	2735.1	2689	2.938	2.715829	34.9374	245.4	20.7	19.860538	1.348148	2162.4	2310.21
2012011	10	11	2011	31.7488	-64.1727	4569	3042.3	2992.6	2.621	2.374157	34.9215	246.85	23.875	20.055538	1.378148	2160.8	2309.79
2012010	10	10	2011	31.7488	-64.1727	4569	3347.2	3286	2.424	2.14984	34.9086	247.9	26.07	20.030538	1.368148	2165.9	2312.5
2012009	10	9	2011	31.7488	-64.1727	4569	3654.05	3589.1	2.2715	1.968185	34.89575	246.55	29.975	20.480538	1.408148	-999	-999
2012008	10	8	2011	31.7488	-64.1727	4569	3962	3883.9	2.205	1.869342	34.8875	245	33.29	20.860538	1.438148	2176.6	2321.82
2012007	10	7	2011	31.7488	-64.1727	4569	4266.2	4184.3	2.1935	1.823318	34.88275	242.5	36.315	21.390538	1.483148	2177.6	2321.9
2012006	10	6	2011	31.7488	-64.1727	4569	4514.7	4425.35	2.21	1.809967	34.88115	241.5	37.29	21.535538	1.493148	2181.8	2327.18
2012005	10	5	2011	31.7488	-64.1727	4569	4546.4	4461.6	2.213	1.809072	34.881	241.5	36.9	21.610538	1.508148	-999	-999
2012004	10	4	2011	31.7488	-64.1727	4569	4578.6	4493	2.216	1.808104	34.8809	241.9	37.29	21.640538	1.498148	-999	-999
2012003	10	3	2011	31.7488	-64.1727	4569	4597.2	4511	2.218	1.807797	34.8808	241.7	37.39	21.630538	1.508148	-999	-999
2012002	10	2	2011	31.7488	-64.1727	4569	4619.25	4526.7	2.22	1.807067	34.8807	241.65	37.585	21.605538	1.513148	2182	2326.89
2012001	10	1	2011	31.7488	-64.1727	4569	4637.8	4550.4	2.223	1.807724	34.8808	242	37.68	21.660538	1.498148	-999	-999
2012110	11	10	2011	30.8235	-60.7869	5237	135.1	134.4	19.501	19.476241	36.7027	175.1	0.79	3.440538	0.158148	-999	-999
2012109	11	9	2011	30.8235	-60.7869	5237	186.8	185.7	18.605	18.571841	36.6247	182.2	1.08	5.110538	0.248148	-999	-999
2012108	11	8	2011	30.8235	-60.7869	5237	238.2	236.7	18.287	18.245177	36.5899	181.9	1.28	5.820538	0.298148	-999	-999
2012107	11	7	2011	30.8235	-60.7869	5237	288.8	286.9	18.086	18.035623	36.5753	186.9	1.47	5.920538	0.318148	-999	-999
2012106	11	6	2011	30.8235	-60.7869	5237	347.3	345	17.846	17.785905	36.5339	185.2	1.47	6.390538	0.338148	-999	-999
2012105	11	5	2011	30.8235	-60.7869	5237	419.4	416.6	17.353	17.281717	36.4386	177.6	2.06	7.900538	0.438148	-999	-999
2012104	11	4	2011	30.8235	-60.7869	5237	532.2	528.4	15.818	15.732901	36.1495	161.2	3.42	11.830538	0.698148	-999	-999
2012103	11	3	2011	30.8235	-60.7869	5237	669.4	664.3	13.108	13.013203	35.7113	139.6	6.84	18.260538	1.138148	-999	-999
2012102	11	2	2011	30.8235	-60.7869	5237	800	793.5	9.93	9.834382	35.3122	128.2	11.91	24.490538	1.568148	-999	-999
2012101	11	1	2011	30.8235	-60.7869	5237	1007.8	999	6.679	6.581358	35.0936	162.8	15.53	24.930538	1.668148	-999	-999
2012226	12	26	2011	29.7	-56.817	5645	101.025	100.325	19.7915	19.772805	36.72075	187.3	0.865	2.245538	0.148148	2099.1	2394.95
2012225	12	25	2011	29.7	-56.817	5645	135.9	134.8	18.939	18.914603	36.6373	178.3	0.99	3.360538	0.158148	-999	-999
2012224	12	24	2011	29.7	-56.817	5645	186.65	185.275	18.3155	18.282731	36.5845	180.625	1.3275	5.710538	0.308148	2113.5	2387.03
2012223	12	23	2011	29.7	-56.817	5645	236.575	234.75	18.06825	18.027063	36.55895	183.45	1.4025	6.018038	0.313148	2110.8	2383.9
2012222	12	22	2011	29.7	-56.817	5645	287.25	284.975	17.87025	17.820566	36.53625	185.6	1.45	6.220538	0.330648	2112.2	2382.42
2012221	12	21	2011	29.7	-56.817	5645	352.1	348.9	17.51	17.44987	36.4751	184	1.77	6.910538	0.358148	-999	-999
2012220	12	20	2011	29.7	-56.817	5645	423.825	420.325	16.953	16.882111	36.370475	177.65	2.1825	8.418038	0.465648	2123	2373.79
2012219	12	19	2011	29.7	-56.817	5645	578.7	572.9	14.371	14.284154	35.9161	155.8	4.69	14.470538	0.868148	-999	-999
2012218	12	18	2011	29.7	-56.817	5645	754.525	747.525	10.78675	10.692061	35.41875	134.2	10.255	22.245538	1.398148	2175.7	2324.14
2012217	12	17	2011	29.7	-56.817	5645	1007.466667	997.7	6.880667	6.781512	35.1239	165	14.586667	24.033871	1.574815	2183.8	2314.95
2012216	12	16	2011	29.7	-56.817	5645	1210.7	1196.1	5.722	5.611586	35.1148	198.1	13.67	21.830538	1.488148	2176.9	2316.57
2012215	12	15	2011	29.7	-56.817	5645	1514.5	1497.533333	4.657667	4.528462	35.057867	226.533333	13.156667	20.170538	1.348148	2166.3	2310.26
2012214	12	14	2011	29.7	-56.817	5645	1819.1	1794	4.165	4.012573	35.0377	231	15.82	20.290538	1.378148	2169.2	2310.99
2012213	12	13	2011	29.7	-56.817	5645	2125.1	2096.333333	3.747333	3.571241	35.012167	231.466667	19.56	20.787204	1.394815	2167.5	2322.58
2012212	12	12	2011	29.7	-56.817	5645	2430.2	2390.7	3.37	3.170124	34.9833	232.3	23.43	21.000538	1.418148	2171.2	2321.02
2012211	12	11	2011	29.7	-56.817	5645	2737.6	2691.2	3.127	2.900701	34.9648	231.6	27.14	21.480538	1.468148	2172.2	2322.6
2012210	12	10	2011	29.7	-56.817	5645	3041.6	2993.866667	2.905333	2.652223	34.945467	234.666667	28.606667	21.450538	1.471481	2172	2323.2
2012209	12	9	2011	29.7	-56.817	5645	3347.7	3286.3	2.675	2.394698	34.9274	239.8	28.51	21.040538	1.458148	2167.3	2319.87
2012208	12	8	2011	29.7	-56.817	5645	3651.9	3582.4	2.494	2.185089	34.9127	243	29.87	20.980538	1.458148	-999	-999
2012207	12	7	2011	29.7	-56.817	5645	3960.8	3889.966667	2.346333	2.006838	34.898233	240.233333	34.98	21.577204	1.491481	2175.4	2324.72
2012206	12	6	2011	29.7	-56.817	5645	4371	4280.4	2.251	1.866788	34.8855	237.8	39.93	22.260538	1.558148	2181.1	2328.02
2012205	12	5	2011	29.7	-56.817	5645	4779.5	4684.066667	2.144667	1.714695	34.868167	233.4	47.41	23.373871	1.618148	2189.2	2333.32
2012204	12	4	2011	29.7	-56.817	5645	5191.3	5082.7	2.082667	1.603415	34.855333	230.533333	52.583333	24.053871	1.674815	2196.9	2338.13
2012203	12	3	2011	29.7	-56.817	5645	5567.1	5436.2	2.116	1.586909	34.8532	229.6	53.1	24.170538	1.698148	2198.7	2339.3
2012202	12	2	2011	29.7	-56.817	5645	5583.9	5466.7	2.119	1.587586	34.853	229.9	53.545	24.180538	1.688148	-999	-999
2012201	12	1	2011	29.7	-56.817	5645	5725.9	5598.933333	2.137667	1.5867	34.852867	230.566667	53.656667	24.207204	1.691481	2198	2338.24
2012311	13	11	2011	28.6441	-53.2258	5290	100.3	99.8	20.606	20.5869	36.8225	196.7	0.6	2.150538	0.148148	-999	-999
2012310	13	10	2011	28.6441	-53.2258	5290	135.8	135	19.565	19.540054	36.7193	180.6	0.79	2.750538	0.148148	-999	-999
2012309	13	9	2011	28.6441	-53.2258	5290	186.3	185.2	18.419	18.386165	36.5885	176.3	1.18	5.480538	0.268148	-999	-999
2012308	13	8	2011	28.6441	-53.2258	5290	235.9	234.5	17.929	17.888156	36.5256	181.4	1.38	6.330538	0.338148	-999	-999
2012307	13	7	2011	28.6441	-53.2258	5290	286.1	284.2	17.586	17.537071	36.4806	181.5	1.57	6.960538	0.378148	-999	-999
2012306	13	6	2011	28.6441	-53.2258	5290	351.3	349	17.152	17.092865	36.4109	181.5	1.77	7.640538	0.418148	-999	-999
2012305	13	5	2011	28.6441	-53.2258	5290	424.1	421.2	16.362	16.292784	36.2638	176.2	2.35	9.280538	0.538148	-999	-999
2012304	13	4	2011	28.6441	-53.2258	5290	535.4	531.5	14.559	14.478048	35.9584	163.1	3.91	13.140538	0.788148	-999	-999
2012303	13	3	2011	28.6441	-53.2258	5290	669.6	664.4	12.228	12.137322	35.6274	146.6	7.13	18.650538	1.158148	-999	-999
2012302	13	2	2011	28.6441	-53.2258	5290	853.9	846.8	8.732	8.637121	35.2238	131.9	14.45	25.760538	1.668148	-999	-999
2012301	13	1	2011	28.6441	-53.2258	5290	1008	999.1	7.043	6.942596	35.1165	150.1	16.5	25.800538	1.718148	-999	-999
2012422	14	22	2011	27.5831	-49.633	4501	114.8	113.8	21.05	21.027792	36.93165	189.05	0.55	2.155538	0.173148	2099.8	2407.11
2012421	14	21	2011	27.5831	-49.633	4501	135.25	134.1	20.233	20.207554	36.8199	186.1	0.6	2.295538	0.148148	2105.4	2402.22
2012420	14	20	2011	27.5831	-49.633	4501	185.9	184.25	18.918	18.88461	36.675	170.3	1.035	4.735538	0.213148	2121.2	2390.54
2012419	14	19	2011	27.5831	-49.633	4501	236.35	234.2	18.1805	18.139173	36.57695	172.55	1.28	6.390538	0.323148	2118.9	2382.97
2012418	14	18	2011	27.5831	-49.633	4501	287.8	285.2	17.608	17.558736	36.48215	177.9	1.52	7.175538	0.373148	2116.9	2379.63
2012417	14	17	2011	27.5831	-49.633	4501	432.4	428.25	16.1	16.030195	36.2153	169.65	2.595	10.280538	0.588148	2132.1	2365.63
2012416	14	16	2011	27.5831	-49.633	4501	554.4	548.9	14.04	13.958148	35.8665	154.5	4.89	15.060538	0.908148	-999	-999
2012415	14	15	2011	27.5831	-49.633	4501	653.7	646.9	12.087	11.999204	35.5897	142.1	7.72	19.560538	1.208148	2162.6	2329.59
2012414	14	14	2011	27.5831	-49.633	4501	779.85	771.5	9.6425	9.550988	35.30895	133.35	12.06	24.150538	1.548148	2181.2	2317.25
2012413	14	13	2011	27.5831	-49.633	4501	975	965.2	7.031	6.934172	35.122	151.9	16.11	25.880538	1.688148	2183.6	2312.03
2012412	14	12	2011	27.5831	-49.633	4501	1210.8	1196.1	5.902	5.789927	35.1312	188.2	14.94	23.010538	1.558148	2178.2	2317.11
2012411	14	11	2011	27.5831	-49.633	4501	1463.9	1447.9	5.232	5.101196	35.139	206.6	14.84	21.450538	1.418148	2171.4	2316.97
2012410	14	10	2011	27.5831	-49.633	4501	1815.2	1793.8	4.072	3.921169	35.0494	225.4	18.45	20.900538	1.398148	2166.1	2314.56
2012409	14	9	2011	27.5831	-49.633	4501	2121.2	2094.6	3.567	3.394141	35.0037	229.5	21.87	21.080538	1.418148	2148.2	2290.5
2012408	14	8	2011	27.5831	-49.633	4501	2426.5	2394.4	3.219	3.022215	34.9734	230.7	26.07	21.420538	1.448148	2165.8	2309.31
2012407	14	7	2011	27.5831	-49.633	4501	2734.2	2696.1	2.992	2.768777	34.9533	232	29.58	21.740538	1.478148	-999	-999
2012406	14	6	2011	27.5831	-49.633	4501	3040.7	2996.1	2.776	2.525865	34.9345	231.4	33.29	22.110538	1.508148	2177.7	2326.46
2012405	14	5	2011	27.5831	-49.633	4501	3448.5	3394.6	2.527	2.239482	34.9129	233.6	36.8	22.290538	1.538148	2179.8	2328.41
2012404	14	4	2011	27.5831	-49.633	4501	3857.3	3793.3	2.34	2.012383	34.8948	235.5	39.83	22.560538	1.558148	2163.3	2305.57
2012403	14	3	2011	27.5831	-49.633	4501	4059.6	3990.3	2.264	1.915616	34.8865	234.8	41.49	22.710538	1.568148	2184.4	2331.09
2012402	14	2	2011	27.5831	-49.633	4501	4166.3	4094.1	2.264	1.903349	34.8854	235.3	41.98	22.780538	1.568148	2183.3	2330.08
2012401	14	1	2011	27.5831	-49.633	4501	4293.4	4217.6	2.24	1.865272	34.882	235.5	42.66	22.830538	1.578148	2184.9	2330.96
2012510	15	10	2011	26.8571	-47.2301	4244	137.3	136.6	20.187	20.161209	36.8148	186.8	0.6	2.430538	0.148148	-999	-999
2012509	15	9	2011	26.8571	-47.2301	4244	186.1	185.1	18.93	18.896563	36.657	173.3	0.89	4.470538	0.198148	-999	-999
2012508	15	8	2011	26.8571	-47.2301	4244	236.5	235.1	18.194	18.152629	36.5632	178	1.28	6.060538	0.308148	-999	-999
2012507	15	7	2011	26.8571	-47.2301	4244	287.2	285.4	17.746	17.696571	36.503	179.5	1.38	6.810538	0.358148	-999	-999
2012506	15	6	2011	26.8571	-47.2301	4244	352.6	350.3	17.322	17.262237	36.4373	181.3	1.67	7.380538	0.398148	-999	-999
2012505	15	5	2011	26.8571	-47.2301	4244	424.1	421.3	16.477	16.407448	36.2838	171.8	2.35	9.410538	0.538148	-999	-999
2012504	15	4	2011	26.8571	-47.2301	4244	533.3	529.6	14.269	14.189458	35.9042	155.8	4.5	14.440538	0.878148	-999	-999
2012503	15	3	2011	26.8571	-47.2301	4244	667.9	662.9	11.517	11.429972	35.5204	135.5	8.6	20.850538	1.308148	-999	-999
2012502	15	2	2011	26.8571	-47.2301	4244	805.5	799.1	8.922	8.83164	35.2154	129.1	13.96	25.800538	1.678148	-999	-999
2012501	15	1	2011	26.8571	-47.2301	4244	1008.3	999.7	6.847	6.748038	35.105	154.4	16.6	25.740538	1.738148	-999	-999
2012625	16	25	2011	26.1367	-44.8262	3887	112.7	112	21.622	21.599771	37.069675	191.075	0.5975	2.205538	0.148148	2104	2417.67
2012624	16	24	2011	26.1367	-44.8262	3887	136.075	135.2	20.64725	20.621265	36.96125	179.375	0.5975	2.600538	0.148148	2121.1	2405.96
2012623	16	23	2011	26.1367	-44.8262	3887	151.1	149.9	20.272	20.243512	36.9111	173.8	0.69	2.990538	0.148148	-999	-999
2012622	16	22	2011	26.1367	-44.8262	3887	186.15	184.9	18.9355	18.902036	36.714525	165.175	1.085	5.283038	0.253148	2135	2394.28
2012621	16	21	2011	26.1367	-44.8262	3887	235.85	234.25	17.92925	17.888408	36.549975	170.075	1.4725	7.110538	0.370648	2129.6	2382.94
2012620	16	20	2011	26.1367	-44.8262	3887	286.45	284.25	17.277	17.228612	36.4327	174.95	1.62	7.810538	0.423148	2124.5	2374.53
2012619	16	19	2011	26.1367	-44.8262	3887	327.8	325.6	16.677	16.62292	36.325	177.9	1.77	8.490538	0.478148	2124.3	2367.16
2012618	16	18	2011	26.1367	-44.8262	3887	350.1	346.9	16.496	16.438645	36.2923	176.3	2.06	8.920538	0.508148	-999	-999
2012617	16	17	2011	26.1367	-44.8262	3887	422.825	419.7	15.429	15.362718	36.107975	162.625	3.1075	11.803038	0.690648	2139.8	2353.95
2012616	16	16	2011	26.1367	-44.8262	3887	604.125	599.325	12.1755	12.094125	35.615725	140.075	7.38	19.388038	1.180648	2166.7	2332.2
2012615	16	15	2011	26.1367	-44.8262	3887	808.033333	801.666667	8.801333	8.711392	35.206767	125.166667	14.683333	26.620538	1.704815	2191.2	2316.23
2012614	16	14	2011	26.1367	-44.8262	3887	974.5	962.2	6.94	6.843998	35.0427	134.8	18.36	28.280538	1.888148	2196.7	2310.48
2012613	16	13	2011	26.1367	-44.8262	3887	1210.1	1194.3	5.671	5.561261	35.0334	173.8	17.19	24.960538	1.678148	2185.2	2311.6
2012612	16	12	2011	26.1367	-44.8262	3887	1512.8	1495.866667	4.967	4.834389	35.094633	212.9	14.65	21.260538	1.421481	2170.6	2312.51
2012611	16	11	2011	26.1367	-44.8262	3887	1819.4	1793.2	4.238	4.084485	35.0633	226	16.8	20.480538	1.388148	2166.9	2311.73
2012610	16	10	2011	26.1367	-44.8262	3887	2121.533333	2089.033333	3.571333	3.398389	34.999267	231.766667	20.993333	20.723871	1.418148	2170.7	2316.32
2012609	16	9	2011	26.1367	-44.8262	3887	2735.8	2690.4	3.038	2.813699	34.9539	232.6	27.92	21.440538	1.468148	2177.1	2323.06
2012608	16	8	2011	26.1367	-44.8262	3887	3036.3	2983.433333	2.868	2.616289	34.939667	230.433333	32.216667	21.957204	1.504815	2182	2325.22
2012607	16	7	2011	26.1367	-44.8262	3887	3241.4	3183.8	2.701	2.431472	34.9252	230.3	36.41	22.310538	1.528148	2184.1	2329.69
2012606	16	6	2011	26.1367	-44.8262	3887	3287.5	3228.15	2.705	2.430458	34.9258	229.7	36.32	22.410538	1.538148	-999	-999
2012605	16	5	2011	26.1367	-44.8262	3887	3344.1	3283.9	2.687	2.406821	34.9234	230.3	36.61	22.300538	1.538148	2184.2	2329.49
2012604	16	4	2011	26.1367	-44.8262	3887	3368.05	3306.55	2.6775	2.394968	34.92315	230.1	36.755	22.435538	1.548148	-999	-999
2012603	16	3	2011	26.1367	-44.8262	3887	3446.7	3383.8	2.695	2.403511	34.9237	230.3	36.32	22.290538	1.538148	2176.9	2325.38
2012602	16	2	2011	26.1367	-44.8262	3887	3549.266667	3483.2	2.675667	2.373419	34.921967	230.366667	36.346667	22.340538	1.544815	2180.4	2327.77
2012601	16	1	2011	26.1367	-44.8262	3887	3675.5	3605.966667	2.676333	2.360054	34.920733	230.8	36.61	22.330538	1.541481	2153.1	2284.7
2012710	17	10	2011	25.1413	-42.5219	3553	136.8	136.1	21.796	21.768839	37.1935	188.9	0.5	2.190538	0.148148	-999	-999
2012709	17	9	2011	25.1413	-42.5219	3553	186.2	185.3	19.457	19.422871	36.8303	154.1	1.18	6.230538	0.328148	-999	-999
2012708	17	8	2011	25.1413	-42.5219	3553	237.4	236.1	18.089	18.047629	36.586	153.9	1.77	8.440538	0.468148	-999	-999
2012707	17	7	2011	25.1413	-42.5219	3553	286.6	284.9	17.079	17.030971	36.4092	153.5	2.16	10.120538	0.578148	-999	-999
2012706	17	6	2011	25.1413	-42.5219	3553	352.4	350.3	15.982	15.925511	36.2124	164.8	2.55	10.560538	0.618148	-999	-999
2012705	17	5	2011	25.1413	-42.5219	3553	423.6	420.9	14.943	14.878022	36.0417	162.8	3.33	12.320538	0.728148	-999	-999
2012704	17	4	2011	25.1413	-42.5219	3553	535.5	531.9	13.305	13.228736	35.7947	156.2	4.89	15.640538	0.938148	-999	-999
2012703	17	3	2011	25.1413	-42.5219	3553	670.7	665.8	11.133	11.047406	35.5225	141.4	8.6	20.880538	1.288148	-999	-999
2012702	17	2	2011	25.1413	-42.5219	3553	805.8	799.6	9.231	9.138684	35.3215	132.6	12.79	24.770538	1.588148	-999	-999
2012701	17	1	2011	25.1413	-42.5219	3553	1008.5	1000	7.093	6.992099	35.1635	147.8	16.6	26.230538	1.728148	-999	-999
2012821	18	21	2011	24.1499	-40.2173	4614	115.85	114.9	22.097	22.073772	37.3052	191.4	0.5	2.170538	0.148148	-999	-999
2012820	18	20	2011	24.1499	-40.2173	4614	136.2	135.05	21.727	21.70001	37.25305	187.2	0.5	2.320538	0.148148	-999	-999
2012819	18	19	2011	24.1499	-40.2173	4614	184.05	182.45	19.797	19.762841	36.92845	177.1	0.695	3.690538	0.193148	-999	-999
2012818	18	18	2011	24.1499	-40.2173	4614	235.8	233.75	18.0985	18.057392	36.59305	170.3	1.33	6.470538	0.338148	-999	-999
2012817	18	17	2011	24.1499	-40.2173	4614	285.85	283.3	17.209	17.160842	36.436	169.2	1.77	8.220538	0.453148	-999	-999
2012816	18	16	2011	24.1499	-40.2173	4614	351.1	347.95	16.083	16.026473	36.23705	163.1	2.595	10.570538	0.623148	-999	-999
2012815	18	15	2011	24.1499	-40.2173	4614	424.35	420.4	14.695	14.63064	36.0037	150.2	3.77	13.955538	0.838148	2146.93	2348.69
2012814	18	14	2011	24.1499	-40.2173	4614	603	597.05	11.8445	11.764682	35.607	142.95	7.28	19.495538	1.213148	2162.47	2330.38
2012813	18	13	2011	24.1499	-40.2173	4614	804.5	795.9	9.066	8.974804	35.3143	130.1	13.67	25.310538	1.678148	2174.91	2317.13
2012812	18	12	2011	24.1499	-40.2173	4614	970.8	958.7	7.265	7.166897	35.1537	140.8	17.38	27.020538	1.778148	2194.06	2320.73
2012811	18	11	2011	24.1499	-40.2173	4614	1160.1	1145.3	6.05	5.941799	35.1032	167.1	17.58	25.340538	1.678148	2198.57	2331.72
2012810	18	10	2011	24.1499	-40.2173	4614	1513.7	1493.2	5.056	4.922211	35.1322	200.7	17.58	22.460538	1.508148	2176.3	2323.42
2012809	18	9	2011	24.1499	-40.2173	4614	1820.1	1794.1	4.052	3.901009	35.0354	216.5	20.7	22.120538	1.508148	2169.91	2326.89
2012808	18	8	2011	24.1499	-40.2173	4614	2120.2	2088.5	3.549	3.376539	34.9981	221	24.6	22.270538	1.528148	2171.96	2323.34
2012807	18	7	2011	24.1499	-40.2173	4614	2572.4	2531.2	3.079	2.870327	34.9648	221.5	30.85	22.750538	1.568148	2178.89	2333.06
2012806	18	6	2011	24.1499	-40.2173	4614	3040.1	2988.1	2.789	2.538616	34.94	221.5	35.92	23.160538	1.598148	2185.63	2340.55
2012805	18	5	2011	24.1499	-40.2173	4614	3447.5	3385.1	2.548	2.26006	34.9159	222.9	40.71	23.520538	1.628148	2189.14	2344.22
2012804	18	4	2011	24.1499	-40.2173	4614	3850.6	3777.3	2.434	2.104564	34.9011	224.4	43.54	23.750538	1.648148	2190.98	2333.05
2012803	18	3	2011	24.1499	-40.2173	4614	4260.3	4175	2.396	2.020494	34.8928	225.2	45.29	23.830538	1.648148	2191.91	2333.62
2012802	18	2	2011	24.1499	-40.2173	4614	4365.9	4277.4	2.393	2.0051	34.8912	225.1	45.49	23.850538	1.648148	2192.19	2345.67
2012801	18	1	2011	24.1499	-40.2173	4614	4478.1	4386.1	2.404	2.002341	34.8909	225.2	45.68	23.840538	1.668148	2192.22	2329.73
2012911	19	11	2011	23.2483	-38.0465	5697	106.4	105.9	23.08	23.058	37.381	187	0.6	2.150538	0.148148	-999	-999
2012910	19	10	2011	23.2483	-38.0465	5697	136.4	135.7	22.265	22.237499	37.2937	176.4	0.5	2.410538	0.148148	-999	-999
2012909	19	9	2011	23.2483	-38.0465	5697	185.2	184.2	20.14	20.105213	36.9471	158.5	0.79	4.850538	0.228148	-999	-999
2012908	19	8	2011	23.2483	-38.0465	5697	234.4	233.1	18.734	18.692132	36.7027	153.3	1.28	7.420538	0.378148	-999	-999
2012907	19	7	2011	23.2483	-38.0465	5697	285.7	284.1	17.491	17.442319	36.4807	158.2	1.77	9.110538	0.488148	-999	-999
2012906	19	6	2011	23.2483	-38.0465	5697	350.1	348	16.002	15.945835	36.2153	145.3	2.84	12.550538	0.718148	-999	-999
2012905	19	5	2011	23.2483	-38.0465	5697	424.1	421.5	14.554	14.490104	35.9682	132.1	4.21	16.230538	0.948148	-999	-999
2012904	19	4	2011	23.2483	-38.0465	5697	535.7	532.1	12.907	12.83222	35.737	132.9	5.77	18.800538	1.118148	-999	-999
2012903	19	3	2011	23.2483	-38.0465	5697	605	600.8	11.898	11.817686	35.605	131.9	7.43	20.660538	1.228148	-999	-999
2012902	19	2	2011	23.2483	-38.0465	5697	857.1	850.4	8.273	8.180631	35.2013	128.2	15.53	27.070538	1.728148	-999	-999
2012901	19	1	2011	23.2483	-38.0465	5697	1008.1	999.7	6.676	6.578394	35.0654	140.1	18.75	28.150538	1.838148	-999	-999
2013029	20	29	2011	22.3544	-35.8675	5848	100.5	99.775	22.65425	22.633746	37.33325	190.533333	0.5725	2.198038	0.148148	2121.65	2427.66
2013028	20	28	2011	22.3544	-35.8675	5848	120.3	119.3	21.471	21.447371	37.1904	170.9	0.69	3.070538	0.178148	-999	-999
2013027	20	27	2011	22.3544	-35.8675	5848	134.866667	133.833333	20.735667	20.709823	37.064233	161.6	0.89	4.777204	0.271481	2146.84	2406.79
2013026	20	26	2011	22.3544	-35.8675	5848	186.1	184.725	18.53375	18.500797	36.655625	145.366667	1.7175	9.053038	0.513148	2156.91	2388.45
2013025	20	25	2011	22.3544	-35.8675	5848	236.35	234.6	17.395	17.354931	36.4568	146.5	2.18	10.428038	0.595648	2156.59	2368.38
2013024	20	24	2011	22.3544	-35.8675	5848	302.55	299.85	16.049	16.000426	36.2267	143.3	2.89	12.615538	0.723148	2151.97	2370.42
2013023	20	23	2011	22.3544	-35.8675	5848	378.525	375.5	14.698	14.640664	36.000175	137.5	4.035	15.273038	0.895648	2162.38	2355.26
2013022	20	22	2011	22.3544	-35.8675	5848	504.866667	500.433333	12.637333	12.567902	35.706567	136.566667	6.06	18.777204	1.121481	2168.11	2330.59
2013021	20	21	2011	22.3544	-35.8675	5848	740.38	733.48	9.0612	8.977641	35.26226	111.98	14.53	27.638538	1.742148	2198.01	2325.06
2013020	20	20	2011	22.3544	-35.8675	5848	931.1	920.8	6.813	6.722414	35.0431	128.3	19.33	29.390538	1.908148	2202.35	2321.55
2013019	20	19	2011	22.3544	-35.8675	5848	1068.5	1058.233333	6.135	6.035494	35.007767	142.266667	20.016667	28.660538	1.891481	2198.55	2316.09
2013018	20	18	2011	22.3544	-35.8675	5848	1210.95	1197.6	5.6345	5.524992	35.04045	163.65	18.945	26.475538	1.748148	2189.39	-999
2013017	20	17	2011	22.3544	-35.8675	5848	1514.5	1493.7	4.744	4.613855	35.0441	194.7	18.94	23.820538	1.578148	2176.37	-999
2013016	20	16	2011	22.3544	-35.8675	5848	1916.5	1888.6	3.948	3.789208	35.0198	211.4	22.07	22.840538	1.528148	2173.67	2326.04
2013015	20	15	2011	22.3544	-35.8675	5848	2325.366667	2294.633333	3.384667	3.194914	34.9865	218	27.043333	22.690538	1.534815	2175.61	2302.92
2013014	20	14	2011	22.3544	-35.8675	5848	2733.15	2692.8	2.996	2.772783	34.9582	220.65	31.97	22.855538	1.558148	2181.12	2316
2013013	20	13	2011	22.3544	-35.8675	5848	3139	3084.4	2.704	2.445189	34.9328	221.6	37.29	23.190538	1.568148	2187.56	2293.52
2013012	20	12	2011	22.3544	-35.8675	5848	3548.433333	3490	2.518	2.219848	34.9128	223.2	41.293333	23.563871	1.594815	2189.94	2341.95
2013011	20	11	2011	22.3544	-35.8675	5848	4370.5	4281.7	2.39	2.001636	34.8922	223.1	46.17	23.990538	1.628148	2196.18	2334.75
2013010	20	10	2011	22.3544	-35.8675	5848	4777.9	4685.3	2.394	1.956043	34.887133	223.166667	47.116667	24.107204	1.634815	2198.21	2341.42
2013009	20	9	2011	22.3544	-35.8675	5848	5193.2	5077.6	2.4	1.909351	34.882	224	48.03	24.080538	1.628148	2198.07	2341.18
2013008	20	8	2011	22.3544	-35.8675	5848	5361.1	5253.4	2.406	1.89334	34.87995	224.9	48.08	24.120538	1.638148	-999	-999
2013007	20	7	2011	22.3544	-35.8675	5848	5412.4	5303	2.41	1.890469	34.8796	225.2	48.225	24.155538	1.648148	-999	-999
2013006	20	6	2011	22.3544	-35.8675	5848	5461.55	5350.55	2.4135	1.887369	34.8791	225.05	48.37	24.125538	1.643148	-999	-999
2013005	20	5	2011	22.3544	-35.8675	5848	5487.4	5375.5	2.416	1.88636	34.8791	224.9	48.52	24.140538	1.648148	-999	-999
2013004	20	4	2011	22.3544	-35.8675	5848	5516	5403.25	2.419	1.885461	34.8789	225.1	48.32	24.135538	1.648148	-999	-999
2013003	20	3	2011	22.3544	-35.8675	5848	5549.2	5435.3	2.423	1.884902	34.8788	225	48.61	24.160538	1.648148	-999	-999
2013002	20	2	2011	22.3544	-35.8675	5848	5909.5	5768.1	2.466	1.877561	34.8781	225	48.61	24.050538	1.638148	2195.06	2327.27
2013001	20	1	2011	22.3544	-35.8675	5848	5958.6	5815.3	2.472	1.876571	34.8781	225	49	24.060538	1.658148	2192.28	2337.09
2013110	21	10	2011	20.8839	-32.6247	4993	100.7	100.3	22.204	22.183774	37.0042	165.2	0.89	3.400538	0.258148	-999	-999
2013109	21	9	2011	20.8839	-32.6247	4993	180.1	179.1	17.521	17.490379	36.3515	100.3	3.52	15.950538	0.958148	-999	-999
2013108	21	8	2011	20.8839	-32.6247	4993	207	205.9	16.384	16.350404	36.1469	91.8	4.69	18.790538	1.128148	-999	-999
2013107	21	7	2011	20.8839	-32.6247	4993	288.2	286.6	15.39	15.345074	36.0988	122.2	4.21	15.810538	0.938148	-999	-999
2013106	21	6	2011	20.8839	-32.6247	4993	338	336	14.477	14.426397	35.9511	118.5	4.99	17.620538	1.058148	-999	-999
2013105	21	5	2011	20.8839	-32.6247	4993	402.8	400.2	13.412	13.354604	35.7887	109.4	6.35	20.280538	1.208148	-999	-999
2013104	21	4	2011	20.8839	-32.6247	4993	503.6	500.2	11.681	11.615221	35.5535	100.3	8.99	24.280538	1.468148	-999	-999
2013103	21	3	2011	20.8839	-32.6247	4993	628.1	623.6	9.656	9.582813	35.2889	88.4	14.06	29.190538	1.838148	-999	-999
2013102	21	2	2011	20.8839	-32.6247	4993	805.1	798.9	7.492	7.410281	35.0572	102.8	19.33	31.230538	2.028148	-999	-999
2013101	21	1	2011	20.8839	-32.6247	4993	1008.3	999.8	6.261	6.166553	35.0175	130.5	20.99	29.640538	1.988148	-999	-999
2013223	22	23	2011	19.433	-29.383	5041	125.25	124.25	19.239	19.216277	36.6112	114.3	2.645	12.280538	0.763148	-999	2378.2
2013222	22	22	2011	19.433	-29.383	5041	150.2	149.1	17.593	17.567413	36.3258	92.4	3.72	16.710538	1.028148	-999	-999
2013221	22	21	2011	19.433	-29.383	5041	185.9	184.4	15.8395	15.810042	36.0871	92.6	4.985	18.905538	1.148148	-999	2355.78
2013220	22	20	2011	19.433	-29.383	5041	235.35	233.4	15.0885	15.052375	36.01515	104.6	5.425	18.270538	1.103148	-999	2340.77
2013219	22	19	2011	19.433	-29.383	5041	286.45	284.05	14.2365	14.194178	35.8939	106.5	5.915	19.250538	1.168148	-999	2344.37
2013218	22	18	2011	19.433	-29.383	5041	393.25	389.8	12.6715	12.617565	35.67865	101.45	7.72	22.535538	1.368148	-999	2330.96
2013217	22	17	2011	19.433	-29.383	5041	554.4	549.2	10.333	10.265877	35.3719	85.6	12.5	28.510538	1.768148	-999	-999
2013216	22	16	2011	19.433	-29.383	5041	573.7	568.2	10.256	10.186805	35.3572	83.4	13.18	28.880538	1.808148	-999	2313.29
2013215	22	15	2011	19.433	-29.383	5041	670.05	663.5	8.8825	8.808088	35.2062	92.75	16.015	30.090538	1.928148	-999	2312.9
2013214	22	14	2011	19.433	-29.383	5041	906.35	896.85	6.334	6.249362	34.92995	113.05	22.455	32.260538	2.153148	-999	2303.43
2013213	22	13	2011	19.433	-29.383	5041	1209	1195.2	5.595	5.486063	35.0288	151.6	20.89	27.760538	1.888148	2196.06	2306.71
2013212	22	12	2011	19.433	-29.383	5041	1512.3	1492.3	4.701	4.571561	35.0403	186.8	20.5	24.600538	1.688148	2179.87	2307.54
2013211	22	11	2011	19.433	-29.383	5041	1818.4	1793.1	3.952	3.802601	35.0091	208	22.26	23.130538	1.598148	2172.13	-999
2013210	22	10	2011	19.433	-29.383	5041	2122.4	2091.6	3.551	3.37832	34.9906	216.6	24.9	22.640538	1.568148	2171.47	2323.01
2013209	22	9	2011	19.433	-29.383	5041	2426.8	2389.8	3.247	3.049689	34.973	219.1	28.41	22.660538	1.578148	2174.6	2323.1
2013208	22	8	2011	19.433	-29.383	5041	2732.8	2689.2	2.946	2.723833	34.9532	220.4	33	22.800538	1.598148	2177.66	2331.55
2013207	22	7	2011	19.433	-29.383	5041	3038.7	2988	2.712	2.463474	34.9342	221.3	37.19	23.080538	1.608148	2194.27	2331.11
2013206	22	6	2011	19.433	-29.383	5041	3345.9	3287.7	2.544	2.267066	34.9175	220.9	41	23.450538	1.638148	2197.77	2339.06
2013205	22	5	2011	19.433	-29.383	5041	3652.3	3586.2	2.418	2.111056	34.9031	222.4	43.93	23.680538	1.648148	2200.13	2336.49
2013204	22	4	2011	19.433	-29.383	5041	3957.3	3882.9	2.356	2.016662	34.8938	222.7	45.98	23.850538	1.668148	2210.79	2333.6
2013203	22	3	2011	19.433	-29.383	5041	4266.9	4183.5	2.351	1.976061	34.8894	222.5	47.05	23.910538	1.678148	2217.29	-999
2013202	22	2	2011	19.433	-29.383	5041	4676.6	4580.7	2.381	1.955955	34.887	222.7	47.44	23.970538	1.678148	2225.94	2336.17
2013201	22	1	2011	19.433	-29.383	5041	5078.6	4969.7	2.427	1.950109	34.8859	222.6	47.93	24.100538	1.708148	-999	2345.83
2013310	23	10	2011	18.3884	-26.7639	4283	127.9	127.3	20.061	20.037086	36.7925	145.2	1.47	8.490538	0.528148	-999	-999
2013309	23	9	2011	18.3884	-26.7639	4283	185.4	184.5	17.004	16.973122	36.3052	109.9	3.62	15.620538	0.908148	-999	-999
2013308	23	8	2011	18.3884	-26.7639	4283	235.9	234.6	14.843	14.807217	35.9087	76.8	6.25	22.350538	1.318148	-999	-999
2013307	23	7	2011	18.3884	-26.7639	4283	283.2	281.6	13.633	13.592416	35.6925	64.2	7.81	25.470538	1.518148	-999	-999
2013306	23	6	2011	18.3884	-26.7639	4283	353.5	351.3	12.882	12.833085	35.6439	72.1	8.21	25.570538	1.528148	-999	-999
2013305	23	5	2011	18.3884	-26.7639	4283	403.8	401.2	12.1	12.046282	35.552	72.2	9.47	27.020538	1.618148	-999	-999
2013304	23	4	2011	18.3884	-26.7639	4283	477.5	474.4	11.091	11.03078	35.4211	72	11.33	28.960538	1.748148	-999	-999
2013303	23	3	2011	18.3884	-26.7639	4283	554.2	550.4	9.642	9.577773	35.2258	69.5	14.74	31.910538	1.968148	-999	-999
2013302	23	2	2011	18.3884	-26.7639	4283	755	749.4	7.48	7.403769	34.9791	88.2	20.21	33.700538	2.168148	-999	-999
2013423	24	23	2011	17.4	-24.5	3572	120.1	119.2	17.831	17.810377	36.2375	97.4	4.3	16.800538	1.148148	-999	-999
2013422	24	22	2011	17.4	-24.5	3572	135.6	134.7	17.287	17.264183	36.33615	108.85	3.47	15.285538	0.908148	2178.43	2369.48
2013421	24	21	2011	17.4	-24.5	3572	185.5	184.2	15.1325	15.104033	35.9316	79.35	5.915	21.735538	1.303148	2207.84	2331.59
2013420	24	20	2011	17.4	-24.5	3572	236.3	234.6	13.618	13.584234	35.6326	55.9	8.11	26.560538	1.603148	2212.73	2316.02
2013419	24	19	2011	17.4	-24.5	3572	287.75	285.7	12.6955	12.656207	35.5118	50.15	9.375	28.530538	1.723148	2215.84	2315.56
2013418	24	18	2011	17.4	-24.5	3572	351.85	349.2	11.8215	11.775551	35.4075	44.45	10.89	30.615538	1.848148	2221.78	2319.47
2013417	24	17	2011	17.4	-24.5	3572	433.1	430.1	10.732	10.678687	35.2713	41.1	12.79	33.120538	1.998148	2226.82	2317.45
2013416	24	16	2011	17.4	-24.5	3572	454	449.9	10.816	10.759768	35.3026	42.1	13.09	32.800538	1.988148	-999	-999
2013415	24	15	2011	17.4	-24.5	3572	599.3	594.9	8.865	8.798892	35.081	58.2	16.99	34.670538	2.168148	2223.7	2307.8
2013414	24	14	2011	17.4	-24.5	3572	604	598.3	9.015	8.94768	35.0993	55.2	17.09	34.670538	2.178148	-999	-999
2013413	24	13	2011	17.4	-24.5	3572	807.1	800.7	7.045	6.965907	34.9203	85.8	21.38	34.660538	2.258148	2217.17	2307.84
2013412	24	12	2011	17.4	-24.5	3572	906.6	898.1	6.632	6.54533	34.9253	91.9	22.46	34.360538	2.248148	2221.4	2296.9
2013411	24	11	2011	17.4	-24.5	3572	1086.6	1076.1	5.978	5.878029	34.9586	120	22.46	31.590538	2.088148	2210.28	2310.66
2013410	24	10	2011	17.4	-24.5	3572	1276.1	1263.3	5.385	5.271473	35.0019	147.2	22.07	28.780538	1.918148	2198.03	2320.02
2013409	24	9	2011	17.4	-24.5	3572	1513	1497	4.667	4.537948	35.0112	173.9	22.46	26.300538	1.768148	2189.95	2312.6
2013408	24	8	2011	17.4	-24.5	3572	1748.3	1728.9	4.146	4.000754	34.9981	192.9	23.04	24.780538	1.668148	2182.67	2318.77
2013407	24	7	2011	17.4	-24.5	3572	1996.6	1973.3	3.708	3.545082	34.9836	205.5	24.9	23.880538	1.608148	2178.56	2327.19
2013406	24	6	2011	17.4	-24.5	3572	2243.9	2216.4	3.406	3.223929	34.9703	210.9	27.53	23.540538	1.578148	2179.3	2322.4
2013405	24	5	2011	17.4	-24.5	3572	2494.5	2462.4	3.115	2.913445	34.9542	217.2	30.36	23.260538	1.568148	2180.04	2331.77
2013404	24	4	2011	17.4	-24.5	3572	2746.7	2709.7	2.951	2.727361	34.9455	220	32.41	23.140538	1.568148	2180.14	-999
2013403	24	3	2011	17.4	-24.5	3572	2999.3	2957.1	2.78	2.534083	34.9336	221.3	35.44	23.260538	1.568148	2182.66	2335.39
2013402	24	2	2011	17.4	-24.5	3572	3249.8	3202.1	2.637	2.368075	34.9231	220.7	38.56	23.540538	1.588148	2188.92	2338.27
2013401	24	1	2011	17.4	-24.5	3572	3580.4	3525.1	2.483	2.182262	34.9076	216.9	43.93	24.420538	1.638148	2198.52	2345.7
